000000
000000
000000
012700
074000
012702
037777
012701
134030
112120
077201
000000
377777
377777
377777
377777
377777
377777
377777
377777
377777
377777
377777
377777
377777
377777
377777
377777
377777
377777
377777
377777
377777
377777
377777
377777
377777
377777
377777
377777
377777
377777
377777
377777
377777
377777
377777
377777
377777
377777
377777
377777
377777
377777
377777
377777
377777
377777
377777
377777
377777
377777
377777
377777
377777
377777
377777
377777
377777
377777
377777
377777
377777
377777
377777
377777
377777
377777
377777
377777
377777
377777
377777
377777
377777
377777
377777
377777
377777
377777
377777
377777
377777
377777
377777
377777
377777
377777
377777
377777
377777
377777
377777
377777
377777
377777
377777
377777
377777
377777
377777
377777
377777
377777
377777
377777
377777
377777
377777
377777
377777
377777
377777
377777
377777
377777
377777
377777
377777
377777
377777
377777
377777
377777
377777
377777
377777
377777
377777
377777
377777
377777
377777
377777
377777
377777
377777
377777
377777
377777
377777
377777
377777
377777
377777
377777
377777
377777
377777
377777
377777
377777
377777
377777
377777
377777
377777
377777
377777
377777
377777
377777
377777
377777
377777
377777
377777
377777
377777
377777
377777
377777
377777
377777
377777
377777
377777
377777
377777
377777
377777
377777
377777
377777
377777
377777
377777
377777
377777
377777
377777
377777
377777
377777
377777
377777
377777
377777
377777
377777
377777
377777
377777
377777
377777
377777
377777
377777
377777
377777
377777
377777
377777
377777
377777
377777
377777
377777
377777
377777
377777
377777
377777
377777
377777
377777
377777
377777
377777
377777
377777
377777
377777
377777
377777
377777
377777
377777
377777
377777
377777
377777
377777
377777
377777
377777
377777
377777
377777
377777
377777
377777
377777
377777
377777
377777
377777
377777
377777
377777
377777
377777
377777
377777
377777
377777
377777
377777
377777
377777
377777
377777
377777
377777
377777
377777
377777
377777
377777
377777
377777
377777
377777
377777
377777
377777
377777
377777
377777
377777
377777
377777
377777
377777
377777
377777
377777
377777
377777
377777
377777
377777
377777
377777
377777
377777
377777
377777
377777
377777
377777
377777
377777
377777
377777
377777
377777
377777
377777
377777
377777
377777
377777
377777
377777
377777
377777
377777
377777
377777
377777
377777
377777
377777
377777
377777
377777
377777
377777
377777
377777
377777
377777
377777
377777
377777
377777
377777
377777
377777
377777
377777
377777
377777
377777
377777
377777
377777
377777
377777
377777
377777
377777
377777
377777
377777
377777
377777
377777
377777
377777
377777
377777
377777
377777
377777
377777
377777
377777
377777
377777
377777
377777
377777
377777
377777
377777
377777
377777
377777
377777
377777
377777
377777
377777
377777
377777
377777
377777
377777
377777
377777
377777
377777
377777
377777
377777
377777
377777
377777
377777
377777
377777
377777
377777
377777
377777
377777
377777
377777
377777
377777
377372
377777
377777
377777
377777
377777
377777
377777
377777
377777
377777
377777
377777
377777
377777
377777
377777
377777
377777
377777
377777
377777
377777
377777
377777
377777
377777
377777
377777
377777
377777
377777
377777
377777
377777
377777
377777
377777
377777
377777
377777
377777
377777
377777
377777
377777
377777
377777
377777
377777
377777
377777
377777
377777
377777
377777
377777
377777
377777
377777
377777
377777
377777
377777
332261
325377
377777
377777
377777
377777
377777
377777
377777
377777
377777
377777
377777
377777
377777
377777
377777
377777
377777
377777
377777
377777
377777
377777
377777
377777
377777
377777
377777
377777
377777
377777
377777
377777
377777
377777
377777
377777
377777
377777
377777
377777
377777
377777
377777
377777
377777
377777
377777
377777
377777
377777
377777
377777
377777
377777
377777
377777
376376
336331
332336
377777
377777
377777
332215
265372
377777
377777
377777
377777
377777
377777
377777
377777
377777
377777
377777
377777
377777
377777
377777
377777
377777
377777
377777
377777
377777
377777
377777
377777
377777
377777
377777
377777
377777
377777
377777
377777
377777
377777
377777
377777
377777
377777
377777
377777
377777
377777
377777
377777
377777
377777
377777
377777
377777
377777
377777
377777
377777
377777
377777
377375
331331
331331
331331
265272
337377
377777
332221
265332
377777
377777
377777
377777
377777
377777
377777
377777
377777
377777
377777
377777
377777
377777
377777
377777
377777
377777
377777
377777
377777
377777
377777
377777
377777
377777
377777
377777
377777
377777
377777
377777
377777
377777
377777
377777
377777
377777
377777
377777
377777
377777
377777
377777
377777
377777
377777
377777
377777
377777
377777
377777
377777
377777
377376
375331
371331
331331
331265
265225
225332
377777
332261
261332
377777
377777
377777
377777
377777
377777
377777
377777
377777
377777
377777
377777
377777
377777
377777
377777
377777
377777
377777
377777
377777
377777
377777
377777
377777
377777
377777
377777
377777
377777
377777
377777
377777
377777
377777
377777
377777
377777
377777
377777
377777
377777
377777
377777
377777
377777
377777
377777
377777
377777
377777
377777
377777
377777
377375
375371
331331
265265
265265
265221
221221
332377
265221
333377
377777
377777
377777
377777
377777
377777
377777
377777
377777
377777
377777
377777
377777
377777
377777
377777
377777
377777
377777
377777
377777
377777
377777
377777
377777
377777
377777
377777
377777
377777
377777
377777
377777
377777
377777
377777
377777
377777
377777
377777
377777
377777
377777
377777
377777
377777
377777
377777
377777
377777
377777
377777
377777
377777
375375
375331
265155
155155
221265
265265
221221
265265
265333
377777
377777
377777
377777
377777
377777
377777
377777
377777
377777
377777
377777
377777
377777
377777
377777
377777
377777
377777
377777
377777
377777
377777
377777
377777
377777
377777
377777
377777
377777
377777
377777
377777
377777
377777
377777
377777
377777
377777
377777
377777
377777
377777
377777
377777
377777
377777
377777
377777
377777
377777
377777
377777
377777
377376
375375
331221
151111
155155
155221
221265
265265
265221
266377
377777
377777
377777
377777
377777
377777
377777
377777
377777
377777
377777
377777
377777
377777
377777
377777
377777
377777
377777
377777
377777
377777
377777
377777
377777
377777
377777
377777
377777
377777
377777
377777
377777
377777
377777
377777
377777
377777
377777
377777
377777
377777
377777
377777
377777
377777
377777
377777
377777
377777
377777
377777
377777
377777
377375
375331
221155
155221
221221
221221
221221
225265
221155
221377
377777
377777
377777
377777
377777
377777
377777
377777
377777
377777
377777
377777
377777
377777
377777
377777
377777
377777
377777
377777
377777
377777
377777
377777
377777
377777
377777
377777
377777
377777
377777
377777
377777
377777
377777
377777
377777
377777
377777
377777
377777
377777
377777
377777
377777
377777
377777
377777
377777
377777
377777
377777
377777
377777
376371
371265
155155
221221
221221
221221
215221
265265
221155
221266
377777
377777
377777
377777
377777
377777
377777
377777
377777
377777
377777
377777
377777
377777
377777
377777
377777
377777
377777
377777
377777
377777
377777
377777
377777
377777
377777
377777
377777
377777
377777
377777
377777
377777
377777
377777
377777
377777
377777
377777
377777
377777
377777
377777
377777
377777
377777
377777
377777
377777
377777
377777
377777
377376
331331
331265
155155
155221
221215
215221
261265
331265
265221
221221
333377
377777
377777
377777
377777
377777
377777
377777
377777
377777
377777
377777
377777
377777
377777
377777
377777
377777
377777
377777
377777
377777
377777
377777
377777
377777
377777
377777
377777
377777
377777
377777
377777
377777
377777
377777
377777
377777
377777
377777
377777
377777
377777
377777
377777
377777
377777
377777
377777
377777
377777
377777
376377
326265
221221
265261
155155
221261
155104
155265
331331
331265
265221
221221
266377
377777
377777
377777
377777
377777
377777
377777
377777
377777
377777
377777
377777
377777
377777
377777
377777
377777
377777
377777
377777
377777
377777
377777
377777
377777
377777
377777
377777
377777
377777
377777
377777
377777
377777
377777
377777
377777
377777
377777
377777
377777
377777
377777
377777
377777
377777
377777
377777
377777
377777
377372
325261
155151
151155
221265
221155
221262
262155
265331
331325
265265
221221
221221
221333
377777
377777
377777
377777
377777
377777
377777
377777
377777
377777
377777
377777
377777
377777
377777
377777
377777
377777
377777
377777
377777
377777
377777
377777
377777
377777
377777
377777
377777
377777
377777
377777
377777
377777
377777
377777
377777
377777
377777
377777
377777
377777
377777
377777
377777
377777
377777
377777
377777
377777
377372
265221
155155
155155
221331
265265
265265
325331
331325
265265
265261
221221
221221
221265
377777
377777
377777
377777
377777
377777
377777
377777
377777
377777
377777
377777
377777
377777
377777
377777
377777
377777
377777
377777
377777
377777
377777
377777
377777
377777
377777
377777
377777
377777
377777
377777
377777
377777
377777
377777
377777
377777
377777
377777
377777
377777
377777
377777
377777
377777
377777
377777
377777
377777
377777
265261
265221
221215
265331
331331
325325
331331
265221
221221
221221
221221
221221
221221
266377
377777
377777
377777
377777
377777
377777
377777
377777
377777
377777
377777
377777
377777
377777
377777
377777
377777
377777
377777
377777
377777
377777
377777
377777
377777
377777
377777
377777
377777
377777
377777
377777
377777
377777
377777
377777
377777
377777
377777
377777
377777
377777
377777
377777
377777
377777
377777
377777
377777
377777
333377
333261
261261
331331
265265
265221
221221
215155
155155
155215
215221
221221
161161
221266
377777
377777
377777
377777
377777
377777
377777
377777
377777
377777
377777
377777
377777
377777
377777
377777
377777
377777
377777
377777
377777
377777
377777
377777
377777
377777
377777
377777
377777
377777
377777
377777
377777
377777
377777
377777
377777
377777
377777
377777
377777
377777
377777
377777
377777
377777
377777
377777
377777
377777
377777
377332
332331
331265
221155
155155
155215
155215
215215
215215
215215
221221
161155
161221
271377
377777
333267
266222
222262
266333
377777
377777
377777
377777
377777
377777
377777
377777
377777
377777
377777
377777
377777
377777
377777
377777
377777
377777
377777
377777
377777
377777
377777
377777
377777
377777
377777
377777
377777
377777
377777
377777
377777
377777
377777
377777
377777
377777
377777
377777
377777
377777
377777
377777
377777
377331
331331
325261
155110
110155
221265
265261
221261
265261
261221
221221
155155
155265
265265
221156
111044
044044
044044
044111
222333
377777
377777
377777
377777
377777
377777
377777
377777
377777
377777
377777
377777
377777
377777
377777
377777
377777
377777
377777
377777
377777
377777
377777
377777
377777
377777
377777
377777
377777
377777
377777
377777
377777
377777
377777
377777
377777
377777
377777
377777
377777
377777
377777
377777
376331
265265
261215
151150
221265
331265
261221
215261
265265
331261
221155
155155
221265
265155
111105
044044
045111
155155
111111
044111
222377
377777
377777
377777
377777
377777
377777
377777
377777
377777
377777
377777
377777
377777
377777
377777
377777
377777
377777
377777
377777
377777
377777
377777
377777
377777
377777
377777
377777
377777
377777
377777
377777
377777
377777
377777
377777
377777
377777
377777
377777
377777
377777
377777
331261
155155
155155
215265
331325
261221
215221
261265
265265
331265
221155
155155
221265
155111
111044
044111
222333
377777
333266
222111
111156
377777
377777
377777
377777
377777
377777
377777
377777
377777
377777
377777
377777
377777
377777
377777
377777
377777
377777
377777
377777
377777
377777
377777
377777
377777
377777
377777
377777
377777
377777
377777
377777
377777
377777
377777
377777
377777
377777
377777
377777
377777
377777
377777
331155
155221
261261
325331
265221
215221
265265
221265
265265
331261
155155
155155
155155
111111
045045
155333
377777
377777
377333
333267
222111
222377
377777
377777
377777
377777
377777
377777
377777
377777
377777
377777
377777
377777
377777
377777
377777
377777
377777
377777
377777
377777
377777
377777
377777
377777
377777
377777
377777
377777
377777
377777
377777
377777
377777
377777
377777
377777
377777
377777
377777
377777
377777
377777
326154
221371
371371
331265
221261
265265
265221
261265
265265
265221
155155
111111
111105
111105
045155
333377
377777
377777
333333
333327
327266
155266
377777
377777
377777
377777
377777
377777
377777
377777
377777
377777
377777
377777
377777
377777
377777
377777
377777
377777
377777
377777
377777
377777
377777
377777
377777
377777
377777
377777
377777
377777
377777
377777
377777
377777
377777
377777
377777
377777
377777
377777
377777
377777
373221
261325
325326
326325
325265
261261
221221
261261
261265
265155
155111
111111
045105
111044
151327
377777
377777
377373
333333
333333
333333
266266
377777
377777
377777
377777
377777
377777
377777
377777
377777
377777
377777
377777
377777
377777
377777
377777
377777
377777
377777
377777
377777
377777
377777
377777
377777
377777
377777
377777
377777
377777
377777
377777
377777
377777
377777
377777
377777
377777
377777
377777
377777
377777
377332
265261
261326
326265
261221
221221
221221
221221
221265
221155
151110
111111
045111
105111
266377
377777
377777
377373
373333
333333
333333
333267
333377
377777
377777
377777
377777
377777
377777
377777
377777
377777
377777
377777
377777
377777
377777
377777
377777
377777
377777
377777
377777
377777
377777
377777
377777
377777
377777
377777
377777
377777
377777
377777
377777
377777
377777
377777
377777
377777
377777
377777
377777
377777
377777
372331
325265
261261
221221
221221
221221
221221
221221
155155
111110
105111
111111
111216
377777
377777
377777
377373
377777
377333
333327
266266
267377
377777
377777
377777
377777
377777
377777
377777
377777
377777
377777
377777
377777
377777
377777
377777
377777
377777
377777
377777
377777
377777
377777
377777
377777
377777
377777
377777
377777
377777
377777
377777
377777
377777
377777
377777
377777
377777
377777
377777
377777
377777
377777
376331
265265
265261
261221
221221
221221
221221
221221
155111
110044
105151
151111
151266
377777
377373
377777
373373
373373
333333
326266
266266
266266
377777
377777
377777
377777
377777
377777
377777
377777
377777
377777
377777
377777
377777
377777
377777
377777
377777
377777
377777
377777
377777
377777
377777
377777
377777
377777
377777
377777
377777
377777
377777
377777
377777
377777
377777
377777
377777
377777
377777
377777
377777
377777
377331
265265
265265
265265
265265
265261
261221
221155
111110
044105
111151
151111
216377
377777
377333
373377
373333
333333
333333
333333
333333
333333
333377
377777
377777
377777
377777
377777
377777
377777
377777
377777
377777
377777
377777
377777
377777
377777
377777
377777
377777
377777
377777
377777
377777
377777
377777
377777
377777
377777
377777
377777
377777
377777
377777
377777
377777
377777
377777
377777
377777
377777
377777
377777
377332
331325
325331
331331
331331
265265
221221
155155
110044
044111
111111
111151
266377
377777
373333
333373
373333
333333
333333
333333
333377
377333
333333
377777
377777
377777
377777
377777
377777
377777
377777
377777
377777
377777
377777
377777
377777
377777
377777
377777
377777
377777
377777
377777
377777
377777
377777
377777
377777
377777
377777
377777
377777
377777
377777
377777
377777
377777
377777
377777
377777
377777
377777
377777
377777
331331
331331
371371
331325
265221
215155
155110
104044
105111
111111
111155
326377
377777
373333
333373
373333
333333
373333
333333
373377
373333
333333
333377
377777
377777
377777
377777
377777
377777
377777
377777
377777
377777
377777
377777
377777
377777
377777
377777
377777
377777
377777
377777
377777
377777
377777
377777
377777
377777
377777
377777
377777
377777
377777
377777
377777
377777
377777
377777
377777
377777
377777
377777
377777
376331
375375
331331
265261
221155
155155
110110
104111
111151
151111
111155
333377
377373
373333
373377
377333
333373
377373
333333
373373
377777
377777
377777
377777
377777
377777
377777
377777
377777
377777
377777
377777
377777
377777
377777
377777
377777
377777
377777
377777
377777
377777
377777
377777
377777
377777
377777
377777
377777
377777
377777
377777
377777
377777
377777
377777
377777
377777
377777
377777
377777
377777
377777
377777
377375
331331
265265
221215
155155
155111
110110
105111
151111
111111
111215
333373
373333
333333
373377
373373
333373
377777
373373
373377
377777
377777
377777
377777
333333
377777
377777
377777
377777
377777
377777
377777
377777
377777
377777
377777
377777
377777
377777
377777
377777
377777
377777
377777
377777
377777
377777
377777
377777
377777
377777
377777
377777
377777
377777
377777
377777
377777
377777
377777
377777
377777
377777
377777
377777
265265
221215
155155
155151
155155
111111
111111
151111
045111
111222
373373
333333
333332
373333
333373
373377
377373
377777
377777
377777
377777
377777
377373
333333
266333
377777
377777
377777
377777
377777
377777
377777
377777
377777
377777
377777
377777
377777
377777
377777
377777
377777
377777
377777
377777
377777
377777
377777
377777
377777
377777
377777
377777
377777
377777
377777
377777
377777
377777
377777
377777
377777
377777
377777
221221
215155
155155
155155
221155
110105
111111
111111
111105
111222
333333
333332
332326
333332
333377
377777
373373
377777
377777
377777
377777
377777
373333
333333
266266
266333
377777
377777
377777
377777
377777
377777
377777
377777
377777
377777
377777
377777
377777
377777
377777
377777
377777
377777
377777
377777
377777
377777
377777
377777
377777
377777
377777
377777
377777
377777
377777
377777
377777
377777
377777
377777
377777
377333
111155
221155
155221
221265
221111
044111
151111
111111
111044
111222
333333
326326
266266
332326
333373
333373
373377
377777
377777
377777
377777
377777
373377
373333
326266
262262
333377
377777
377777
377777
377777
377777
377777
377777
377777
377777
377777
377777
377777
377777
377777
377777
377777
377777
377777
377777
377777
377777
377777
377777
377777
377777
377777
377777
377777
377777
377777
377777
377777
377777
377777
377777
377777
377266
111221
265221
221265
265261
151045
105111
155111
111111
111044
111222
326326
266266
266266
326332
333332
326333
373377
377777
377777
377777
377777
377777
377777
373333
332266
262222
266377
377777
377777
377777
377777
377777
377777
377777
377777
377777
377777
377777
377777
377777
377777
377777
377777
377777
377777
377777
377777
377777
377777
377777
377777
377777
377777
377777
377777
377777
377777
377777
377777
377777
377777
377777
377777
377155
111221
265265
265331
265155
044105
111151
151105
105105
045105
111215
266266
262262
262262
266326
332326
332373
377777
377777
377777
377777
377777
377777
377373
333333
326266
222216
222333
377777
377777
377777
377777
377777
377777
377777
377777
377777
377777
377777
377777
377777
377777
377777
377777
377777
377777
377777
377777
377777
377777
377777
377777
377777
377777
377777
377777
377777
377777
377777
377777
377777
377777
377777
377777
333111
111266
331331
331265
155111
111111
111111
111105
111111
105105
111215
262266
262222
222222
262326
326326
333373
373373
377777
377777
377777
377777
377777
377777
373333
266262
222215
222333
377777
377777
377777
377777
377777
377777
377777
377777
377777
377777
377777
377777
377777
377777
377777
377777
377777
377777
377777
377777
377777
377777
377777
377777
377777
377777
377777
377777
377777
377777
377777
377777
377777
377777
377777
377777
266044
111266
331331
266215
151111
045111
111111
111111
111105
105105
111215
262262
222222
221215
222266
266326
332373
373332
373377
377777
377777
377777
377777
377777
373333
266262
222155
216327
377777
377777
377777
377777
377777
377777
377777
377777
377777
377777
377777
377777
377777
377777
377777
377777
377777
377777
377777
377777
377777
377777
377777
377777
377777
377777
377777
377777
377777
377777
377777
377777
377777
377777
377777
377777
222044
155333
326266
155111
111111
111111
111111
105111
111044
105105
111215
222222
222221
221215
215222
262266
326332
332332
377777
377777
377777
377777
377777
377373
333326
266262
222155
215267
377777
377777
377777
377777
377777
377777
377777
377777
377777
377777
377777
377777
377777
377777
377777
377777
377777
377777
377777
377777
377777
377777
377777
377777
377777
377777
377777
377777
377777
377777
377777
377777
377777
377777
377777
377777
155045
216373
266155
105111
111105
105105
105111
111111
105105
105105
111215
215221
222215
215215
215155
215262
266326
266332
377777
377777
377777
377777
377777
377333
326266
262262
216155
155327
377777
377777
377777
377777
377777
377777
377777
377777
377777
377777
377777
377777
377777
377777
377777
377777
377777
377777
377777
377777
377777
377777
377777
377777
377777
377777
377777
377777
377777
377777
377777
377777
377777
377777
377777
377777
155045
222266
111105
111111
105045
045111
111111
105105
105045
045105
111155
215215
221215
215215
215155
155155
222262
266333
377777
377777
377373
373373
373373
333326
266262
222222
215155
215333
377777
377777
377777
377777
377777
377777
377777
377777
377777
377777
377777
377777
377777
377777
377777
377777
377777
377777
377777
377777
377777
377777
377777
377777
377777
377777
377777
377777
377777
377777
377777
377777
377777
377777
377777
377777
111045
155155
044111
111111
045105
111111
151111
111105
045045
105105
111155
215215
215215
215215
215155
155155
155155
222373
377777
377373
373373
373333
373333
326266
262222
222215
215155
222333
377777
377777
377777
377777
377777
377777
377777
377777
377777
377777
377777
377777
377777
377777
377777
377777
377777
377777
377777
377777
377777
377777
377777
377777
377777
377777
377777
377777
377777
377777
377777
377777
377777
377777
377777
377333
111045
111111
045111
111105
105111
111111
111111
111111
044105
105105
111155
215215
215215
215215
155155
155155
151111
222377
377777
373373
373373
373333
333326
266222
221215
215155
215215
222377
377777
377777
377777
377777
377777
377777
377777
377777
377777
377777
377777
377777
377777
377777
377777
377777
377777
377777
377777
377777
377777
377777
377777
377777
377777
377777
377777
377777
377777
377777
377777
377777
377777
377777
377777
377333
111105
105111
105111
105111
111111
111111
111111
111111
105044
044105
105111
155215
215215
215155
155155
155155
151155
266377
377373
333373
373373
373332
326266
222221
215215
215155
215215
266377
377777
377777
377777
377777
377777
377777
377777
377777
377777
377777
377777
377777
377777
377777
377777
377777
377777
377777
377777
377777
377777
377777
377777
377777
377777
377777
377777
377777
377777
377777
377777
377777
377777
377777
377777
377326
111105
111111
111111
111111
111111
111111
111111
111105
105044
044105
105111
151155
215155
155155
155155
155155
151222
373373
377373
333333
373373
333326
266262
222222
221215
215155
155222
333377
377777
377777
377777
377777
377777
377777
377777
377777
377777
377777
377777
377777
377777
377777
377777
377777
377777
377777
377777
377777
377777
377777
377777
377777
377777
377777
377777
377777
377777
377777
377777
377777
377777
377777
377777
377266
105111
111105
111111
111111
111111
111111
111111
111105
105045
044105
111111
111151
155155
155155
155155
155155
155266
377373
373373
373373
373332
332266
262262
222221
221215
215155
155266
377777
377777
377777
377777
377777
377777
377777
377777
377777
377777
377777
377777
377777
377777
377777
377777
377777
377777
377777
377777
377777
377777
377777
377777
377777
377777
377777
377777
377777
377777
377777
377777
377777
377777
377777
377777
377222
044155
155105
111111
111111
111111
111111
111111
111111
111111
045105
111111
111111
111111
111155
155155
155155
215333
377777
377777
373373
333332
326266
262262
222221
215215
155155
216333
377777
377777
377777
377777
377777
377777
377777
377777
377777
377777
377777
377777
377777
377777
377777
377777
377777
377777
377777
377777
377777
377777
377777
377777
377777
377777
377777
377777
377777
377777
377777
377777
377777
377777
377777
377777
333155
105222
222045
111111
111111
111111
111111
111111
111111
111111
105105
105111
111111
111111
105111
111151
151155
222377
377777
373377
373333
332326
266266
262222
221215
215215
155155
266377
377777
377777
377777
377777
377777
377777
377777
377777
377777
377777
377777
377777
377777
377777
377777
377777
377777
377777
377777
377777
377777
377777
377777
377777
377777
377777
377777
377777
377777
377777
377777
377777
377777
377777
377777
377777
326155
111266
215045
111111
111111
111111
111111
111111
111111
111111
111111
105105
105111
111111
111111
105111
111155
326377
377373
333373
373332
326326
266262
222221
215215
215215
155222
377777
377777
377777
377777
377777
377777
377777
377777
377777
377777
377777
377777
377777
377777
377777
377777
377777
377777
377777
377777
377777
377777
377777
377777
377777
377777
377777
377777
377777
377777
377777
377777
377777
377777
377777
377777
377373
266111
111326
215105
111111
111111
111111
111111
111111
111105
105111
111111
111111
111111
111111
111111
111111
111215
373377
377373
333332
332332
326326
266262
221215
215155
155155
215327
377777
377777
377777
377777
377777
377777
377777
377777
377777
377777
377777
377777
377777
377777
377777
377777
377777
377777
377777
377777
377777
377777
377777
377777
377777
377777
377777
377777
377777
377777
377777
377777
377777
377777
377777
377777
377333
222111
111373
332215
155155
151151
155155
151111
111111
111111
111104
104111
111111
111111
111111
111111
111111
155266
377777
377373
332332
332332
326266
262222
215215
155155
155155
262377
377777
377777
377777
377777
377777
377777
377777
377777
377777
377777
377777
377777
377777
377777
377777
377777
377777
377777
377777
377777
377777
377777
377777
377777
377777
377777
377777
377777
377777
377777
377777
377777
377777
377777
377777
377777
377332
266111
155377
377333
326326
266266
266266
262215
155151
151151
151151
111111
111111
111111
111111
111111
111111
222333
377777
373333
333333
333332
326266
262221
215155
155155
155222
333377
377777
377777
377777
377777
377777
377777
377777
377777
377777
377777
377777
377777
377777
377777
377777
377777
377777
377777
377777
377777
377777
377777
377777
377777
377777
377777
377777
377777
377777
377777
377777
377777
377777
377777
377777
377777
332331
265155
221377
377777
373377
377373
333332
332332
266262
222222
222222
222215
155155
155155
151151
151111
111155
326333
333377
373373
333333
333332
326262
221215
215155
155155
155267
377777
377777
377777
377777
377777
377777
377777
377777
377777
377777
377777
377777
377777
377777
377777
377777
377777
377777
377777
377777
377777
377777
377777
377777
377777
377777
377777
377777
377777
377777
377777
377777
377777
377777
377777
377777
377332
331331
265221
266377
377777
377777
377777
373333
333333
333332
326326
326266
266222
222222
222222
215155
155155
215266
333332
332373
373333
333332
326326
266222
215215
215155
155155
266377
377777
377777
377777
377777
377777
377777
377777
377777
377777
377777
377777
377777
377777
377777
377777
377777
377777
377777
377777
377777
377777
377777
377777
377777
377777
377777
377777
377777
377777
377777
377777
377777
377777
377777
377777
377777
332265
261265
265221
333377
377777
377777
377777
373373
373333
333333
333333
333266
262222
262266
262222
215155
155155
221266
333333
333333
333332
332326
266266
222215
215215
215155
155262
377777
377777
377777
377777
377777
377777
377777
377777
377777
377777
377777
377777
377777
377777
377777
377777
377777
377777
377777
377777
377777
377777
377777
377777
377777
377777
377777
377777
377777
377777
377777
377777
377777
377777
377777
377777
377331
325265
221261
221266
377777
377777
377777
377373
333373
373333
333373
373333
326222
221222
262266
222215
215155
221265
331332
326332
333333
333326
326266
262222
215215
215215
155155
222333
377777
377777
377777
377777
377777
377777
377777
377777
377777
377777
377777
377777
377777
377777
377777
377777
377777
377777
377777
377777
377777
377777
377777
377777
377777
377777
377777
377777
377777
377777
377777
377777
377777
377777
377777
377777
376325
331331
265261
265377
377777
377777
373377
377373
373373
373333
333373
373332
262215
222262
266262
215215
215221
265331
375331
326326
333333
326326
326266
262221
215215
215215
155215
327377
377777
377777
377777
377777
377777
377777
377777
377777
377777
377777
377777
377777
377777
377777
377777
377777
377777
377777
377777
377777
377777
377777
377777
377777
377777
377777
377777
377777
377777
377777
377777
377777
377777
377777
377777
377777
376325
265265
221261
332377
377777
377777
373373
377777
377373
333333
373373
333266
222222
262266
266222
221215
221331
375331
331331
331326
332333
326266
266262
262221
215215
215155
155266
377777
377777
377777
377777
377777
377777
377777
377777
377777
377777
377777
377777
377777
377777
377777
377777
377777
377777
377777
377777
377777
377777
377777
377777
377777
377777
377777
377777
377777
377777
377777
377777
377777
377777
377777
377777
377777
371325
261221
155221
332377
377777
377777
377777
377777
373333
373373
377333
266262
222262
266266
262222
215221
265371
331331
331331
331331
325326
326266
262222
221215
215215
215155
222373
377777
377777
377777
377777
377777
377777
377777
377777
377777
377777
377777
377777
377777
377777
377777
377777
377777
377777
377777
377777
377777
377777
377777
377777
377777
377777
377777
377777
377777
377777
377777
377777
377777
377777
377777
377777
377777
331325
325261
221265
377777
377777
377777
377777
377777
333333
373333
333326
262222
222262
262262
222215
215215
265331
331331
331331
331331
325265
266266
262221
215215
215215
155155
327377
377777
377777
377777
377777
377777
377777
377777
377777
377777
377777
377777
377777
377777
377777
377777
377777
377777
377777
377777
377777
377777
377777
377777
377777
377777
377777
377777
377777
377777
377777
377777
377777
377777
377777
377777
377777
377777
326265
265261
261332
377777
377777
377777
377777
377373
333333
333326
266222
221222
222262
262222
215215
215215
265375
331331
331331
331331
325265
265261
221215
215215
215155
155262
377777
377777
377777
377777
377777
377777
377777
377777
377777
377777
377777
377777
377777
377777
377777
377777
377777
377777
377777
377777
377777
377777
377777
377777
377777
377777
377777
377777
377777
377777
377777
377777
377777
377777
377777
377777
377777
377777
332265
261215
215266
377777
377777
373377
377777
373333
333333
332266
222215
215222
262262
262222
215215
215221
331331
325331
331331
325265
265265
265221
221215
215215
155155
215333
377777
377777
377777
377777
377777
377777
377777
377777
377777
377777
377777
377777
377777
377777
377777
377777
377777
377777
377777
377777
377777
377777
377777
377777
377777
377777
377777
377777
377777
377777
377777
377777
377777
377777
377777
377777
377777
377777
377331
265221
215266
377777
377777
373377
377777
333326
326332
326266
222221
222222
262262
222221
215215
215221
331265
325331
331265
265265
265265
261221
155155
155222
266262
333377
377777
377777
377777
377777
377777
377777
377777
377777
377777
377777
377777
377777
377777
377777
377777
377777
377777
377777
377777
377777
377777
377777
377777
377777
377777
377777
377777
377777
377777
377777
377777
377777
377777
377777
377777
377777
377777
377777
377332
261221
155266
377373
373373
373377
377373
332266
326326
266262
262222
222222
222221
215215
155155
151151
221265
331331
265265
265265
265265
221221
155150
155333
377777
377777
377777
377777
377777
377777
377777
377777
377777
377777
377777
377777
377777
377777
377777
377777
377777
377777
377777
377777
377777
377777
377777
377777
377777
377777
377777
377777
377777
377777
377777
377777
377777
377777
377777
377777
377777
377777
377777
377777
377777
266221
154262
377373
333332
333373
373333
266266
266266
266262
262262
222221
215155
151151
111104
044044
044221
331265
265265
265265
265261
221215
155151
222377
377777
377777
377777
377777
377777
377777
377777
377777
377777
377777
377777
377777
377777
377777
377777
377777
377777
377777
377777
377777
377777
377777
377777
377777
377777
377777
377777
377777
377777
377777
377777
377777
377777
377777
377777
377777
377777
377777
377777
377777
377777
377333
266266
373377
373332
332332
326266
262222
222262
262262
222221
215155
151111
104044
044044
044044
044155
325265
265265
265265
261221
221155
151155
333377
377777
377777
377777
377777
377777
377777
377777
377777
377777
377777
377777
377777
377777
377777
377777
377777
377777
377777
377777
377777
377777
377777
377777
377777
377777
377777
377777
377777
377777
377777
377777
377777
377777
377777
377777
377777
377777
377777
377777
377777
377777
377777
377333
373373
373373
332326
266262
222221
221222
262221
215155
151104
044044
044044
044044
044044
044151
221261
265265
265261
221221
155155
151222
377777
377777
377777
377777
377777
377777
377777
377777
377777
377777
377777
377777
377777
377777
377777
377777
377777
377777
377777
377777
377777
377777
377777
377777
377777
377777
377777
377777
377777
377777
377777
377777
377777
377777
377777
377777
377777
377777
377777
377777
377777
377777
377777
377777
377332
333333
326266
266262
221221
221215
215151
111104
104104
044044
044044
104105
105111
111111
151155
221265
261221
215155
151110
155266
377777
377777
377777
377777
377777
377777
377777
377777
377777
377777
377777
377777
377777
377777
377777
377777
377777
377777
377777
377777
377777
377777
377777
377777
377777
377777
377777
377777
377777
377777
377777
377777
377777
377777
377777
377777
377777
377777
377777
377777
377777
377777
377777
377777
377326
326332
266266
262221
215215
155151
111104
044044
044044
044105
111155
155155
215216
215155
151111
155261
221155
155151
111111
221377
377777
377777
377777
377777
377777
377777
377777
377777
377777
377777
377777
377777
377777
377777
377777
377777
377777
377777
377777
377777
377777
377777
377777
377777
377777
377777
377777
377777
377777
377777
377777
377777
377777
377777
377777
377777
377777
377777
377777
377777
377777
377777
377777
377777
377333
266266
262221
215155
155151
111104
044044
044044
111155
215222
266266
266222
222222
215155
155155
155155
151111
111111
111155
333377
377777
377777
377777
377777
377777
377777
377777
377777
377777
377777
377777
377777
377777
377777
377777
377777
377777
377777
377777
377777
377777
377777
377777
377777
377777
377777
377777
377777
377777
377777
377777
377777
377777
377777
377777
377777
377777
377777
377777
377777
377777
377777
377777
377777
377777
266221
215155
151111
111104
044044
104111
151216
266333
333333
266266
266262
222222
215215
155215
155151
111111
111111
151266
377777
377777
377777
377777
377777
377777
377777
377777
377777
377777
377777
377777
377777
377777
377777
377777
377777
377777
377777
377777
377777
377777
377777
377777
377777
377777
377777
377777
377777
377777
377777
377777
377777
377777
377777
377777
377777
377777
377777
377777
377777
377777
377777
377777
377777
377777
377266
155111
104104
104044
044111
155262
333373
373333
333326
266266
266222
222222
215215
215215
215155
155155
155155
155327
377777
377777
377777
377777
377777
377777
377777
377777
377777
377777
377777
377777
377777
377777
377777
377777
377777
377777
377777
377777
377777
377777
377777
377777
377777
377777
377777
377777
377777
377777
377777
377777
377777
377777
377777
377777
377777
377777
377777
377777
377777
377777
377777
377777
377777
377777
377777
222044
104044
044105
155266
333377
377333
333333
332266
266266
266262
222215
215215
215215
215215
155155
155155
155327
377777
377777
377777
377777
377777
377777
377777
377777
377777
377777
377777
377777
377777
377777
377777
377777
377777
377777
377777
377777
377777
377777
377777
377777
377777
377777
377777
377777
377777
377777
377777
377777
377777
377777
377777
377777
377777
377777
377777
377777
377777
377777
377777
377777
377777
377777
377777
333155
104044
111222
333377
377777
377333
333333
326266
266266
266262
222222
215215
215215
215215
215155
155155
155327
377777
377777
377777
377777
377777
377777
377777
377777
377777
377777
377777
377777
377777
377777
377777
377777
377777
377777
377777
377777
377777
377777
377777
377777
377777
377777
377777
377777
377777
377777
377777
377777
377777
377777
377777
377777
377777
377777
377777
377777
377777
377777
377777
377777
377777
377777
377777
377333
216155
266373
377777
377777
373333
333333
326266
266266
262222
222222
222222
222215
215215
215155
155155
155327
377777
377777
377777
377777
377777
377777
377777
377777
377777
377777
377777
377777
377777
377777
377777
377777
377777
377777
377777
377777
377777
377777
377777
377777
377777
377777
377777
377777
377777
377777
377777
377777
377777
377777
377777
377777
377777
377777
377777
377777
377777
377777
377777
377777
377777
377777
377777
377777
377333
333377
377777
377373
333333
333333
326326
266262
222222
222222
222222
222222
222222
215215
155155
216333
377777
377777
377777
377777
377777
377777
377777
377777
377777
377777
377777
377777
377777
377777
377777
377777
377777
377777
377777
377777
377777
377777
377777
377777
377777
377777
377777
377777
377777
377777
377777
377777
377777
377777
377777
377777
377777
377777
377777
377777
377777
377777
377777
377777
377777
377777
377777
377777
377777
373377
377373
373373
333333
333333
326266
262222
222222
222222
222222
222222
222222
222215
215215
222333
377777
377777
377777
377777
377777
377777
377777
377777
377777
377777
377777
377777
377777
377777
377777
377777
377777
377777
377777
377777
377777
377777
377777
377777
377777
377777
377777
377777
377777
377777
377777
377777
377777
377777
377777
377777
377777
377777
377777
377777
377777
377777
377777
377777
377777
377777
377777
377777
377373
377777
377373
373373
333333
333326
326266
262222
222222
222222
222222
222222
222222
222222
215215
222333
377777
377777
377777
377777
377777
377777
377777
377777
377777
377777
377777
377777
377777
377777
377777
377777
377777
377777
377777
377777
377777
377777
377777
377777
377777
377777
377777
377777
377777
377777
377777
377777
377777
377777
377777
377777
377777
377777
377777
377777
377777
377777
377777
377777
377777
377777
377777
377777
377777
377777
377777
373333
333326
326326
266262
222222
222215
215222
222222
222222
222222
222222
222222
262333
377777
377777
377777
377777
377777
377777
377777
377777
377777
377777
377777
377777
377777
377777
377777
377777
377777
377777
377777
377777
377777
377777
377777
377777
377777
377777
377777
377777
377777
377777
377777
377777
377777
377777
377777
377777
377777
377777
377777
377777
377777
377777
377777
377777
377777
377777
377777
377777
377777
377777
377777
373332
326326
326266
262222
222222
222222
222222
215215
155155
155155
262333
373377
333377
377777
377777
377777
377777
377777
377777
377777
377777
377777
377777
377777
377777
377777
377777
377777
377777
377777
377777
377777
377777
377777
377777
377777
377777
377777
377777
377777
377777
377777
377777
377777
377777
377777
377777
377777
377777
377777
377777
377777
377777
377777
377777
377777
377777
377777
377777
377777
377777
377777
377777
377777
373333
326326
266266
222222
222222
222215
215155
151111
110111
155262
377777
377777
377777
377777
377777
377777
377777
377777
377777
377777
377777
377777
377777
377777
377777
377777
377777
377777
377777
377777
377777
377777
377777
377777
377777
377777
377777
377777
377777
377777
377777
377777
377777
377777
377777
377777
377777
377777
377777
377777
377777
377777
377777
377777
377777
377777
377777
377777
377777
377777
377777
377777
377777
373373
333333
266266
262262
222215
215215
155151
111104
044044
151266
377777
377777
377777
377777
377777
377777
377777
377777
377777
377777
377777
377777
377777
377777
377777
377777
377777
377777
377777
377777
377777
377777
377777
377777
377777
377777
377777
377777
377777
377777
377777
377777
377777
377777
377777
377777
377777
377777
377777
377777
377777
377777
377777
377777
377777
377777
377777
377777
377777
377777
377777
377777
377373
326266
266266
262262
222222
221215
155151
111111
104044
044044
044111
327377
377777
377777
377777
377777
377777
377777
377777
377777
377777
377777
377777
377777
377777
377777
377777
377777
377777
377777
377777
377777
377777
377777
377777
377777
377777
377777
377777
377777
377777
377777
377777
377777
377777
377777
377777
377777
377777
377777
377777
377777
377777
377777
377777
377777
377777
377777
377777
377777
377777
377777
377777
377777
332261
215151
155155
151151
151151
111110
104044
044044
044044
044044
044155
377777
377777
377777
377777
377777
377777
377777
377777
377777
377777
377777
377777
377777
377777
377777
377777
377777
377777
377777
377777
377777
377777
377777
377777
377777
377777
377777
377777
377777
377777
377777
377777
377777
377777
377777
377777
377777
377777
377777
377777
377777
377777
377777
377777
377777
377777
377777
377777
377777
377777
377777
377777
377777
261150
151151
111111
110150
110104
044044
044044
044044
044044
044044
044155
377777
377777
377777
377777
377777
377777
377777
377777
377777
377777
377777
377777
377777
377777
377777
377777
377777
377777
377777
377777
377777
377777
377777
377777
377777
377777
377777
377777
377777
377777
377777
377777
377777
377777
377777
377777
377777
377777
377777
377777
377777
377777
377777
377777
377777
377777
377777
377777
377777
377777
377777
377777
377777
215151
151151
111111
110110
104044
044044
044044
044044
044044
044044
044111
333377
377777
377777
377777
377777
377777
377777
377777
377777
377777
377777
377777
377777
377777
377777
377777
377777
377777
377777
377777
377777
377777
377777
377777
377777
377777
377777
377777
377777
377777
377777
377777
377777
377777
377777
377777
377777
377777
377777
377777
377777
377777
377777
377777
377777
377777
377777
377777
377777
377777
377777
377777
377333
215151
151111
111110
110110
104044
044044
044044
044044
044044
044044
044044
151327
377777
377777
377777
377777
377777
377777
377777
377777
377777
377777
377777
377777
377777
377777
377777
377777
377777
377777
377777
377777
377777
377777
377777
377777
377777
377777
377777
377777
377777
377777
377777
377777
377777
377777
377777
377777
377777
377777
377777
377777
377777
377777
377777
377777
377777
377777
377777
377777
377777
377777
377777
377326
215151
111111
151150
110104
044044
044044
044104
104104
044044
044044
044044
044104
216333
377777
377777
377777
377777
377777
377777
377777
377777
377777
377777
377777
377777
377777
377777
377777
377777
377777
377777
377777
377777
377777
377777
377777
377777
377777
377777
377777
377777
377777
377777
377777
377777
377777
377777
377777
377777
377777
377777
377777
377777
377777
377777
377777
377777
377777
377777
377777
377777
377777
377777
377332
215150
110150
151150
110044
044044
044111
215155
110104
044044
044044
044044
044044
044155
373377
377777
377777
377777
377777
377777
377777
377777
377777
377777
377777
377777
377777
377777
377777
377777
377777
377777
377777
377777
377777
377777
377777
377777
377777
377777
377777
377777
377777
377777
377777
377777
377777
377777
377777
377777
377777
377777
377777
377777
377777
377777
377777
377777
377777
377777
377777
377777
377777
377777
377373
215150
150150
151150
110044
044044
044151
333326
151104
104104
044044
044044
044044
044104
222377
377777
377777
377777
377777
377777
377777
377777
377777
377777
377777
377777
377777
377777
377777
377777
377777
377777
377777
377777
377777
377777
377777
377777
377777
377777
377777
377777
377777
377777
377777
377777
377777
377777
377777
377777
377777
377777
377777
377777
377777
377777
377777
377777
377777
377777
377777
377777
377777
377777
377777
262110
110110
150150
110044
044044
044104
222333
262151
110104
104044
044044
044044
044044
111333
377777
377777
377777
377777
377777
377777
377777
377777
377777
377777
377777
377777
377777
377777
377777
377777
377777
377777
377777
377777
377777
377777
377777
377777
377777
377777
377777
377777
377777
377777
377777
377777
377777
377777
377777
377777
377777
377777
377777
377777
377777
377777
377777
377777
377777
377777
377777
377777
377777
377777
333155
111111
110110
110104
044044
044044
104222
377266
155110
104104
104044
044044
044044
104222
377777
377777
377777
377777
377777
377777
377777
377777
377777
377777
377777
377777
377777
377777
377777
377777
377777
377777
377777
377777
377777
377777
377777
377777
377777
377777
377777
377777
377777
377777
377777
377777
377777
377777
377777
377777
377777
377777
377777
377777
377777
377777
377777
377777
377777
377777
377777
377777
377777
377777
377262
110111
111110
110104
044044
044044
044111
333377
326215
110110
104104
104044
044044
044155
377777
377777
377777
377777
377777
377777
377777
377777
377777
377777
377777
377777
377777
377777
377777
377777
377777
377777
377777
377777
377777
377777
377777
377777
377777
377777
377777
377777
377777
377777
377777
377777
377777
377777
377777
377777
377777
377777
377777
377777
377777
377777
377777
377777
377777
377777
377777
377777
377777
377777
377333
155110
111110
110110
104044
044044
044104
262377
377333
215110
110104
104044
044044
044111
333377
377777
377777
377777
377777
377777
377777
377777
377777
377777
377777
377777
377777
377777
377777
377777
377777
377777
377777
377777
377777
377777
377777
377777
377777
377777
377777
377777
377777
377777
377777
377777
377777
377777
377777
377777
377777
377777
377777
377777
377777
377777
377777
377777
377777
377777
377777
377777
377777
377777
377777
262110
111110
110110
110104
044044
044104
222377
377777
333215
110104
104104
044044
044104
262377
377777
377777
377777
377777
377777
377777
377777
377777
377777
377777
377777
377777
377777
377777
377777
377777
377777
377777
377777
377777
377777
377777
377777
377777
377777
377777
377777
377777
377777
377777
377777
377777
377777
377777
377777
377777
377777
377777
377777
377777
377777
377777
377777
377777
377777
377777
377777
377777
377777
377777
333155
110110
110150
150104
104044
044044
215377
377777
377333
155104
104104
104044
044104
215377
377777
377777
377777
377777
377777
377777
377777
377777
377777
377777
377777
377777
377777
377777
377777
377777
377777
377777
377777
377777
377777
377777
377777
377777
377777
377777
377777
377777
377777
377777
377777
377777
377777
377777
377777
377777
377777
377777
377777
377777
377777
377777
377777
377777
377777
377777
377777
377777
377777
377777
377262
150110
110110
150104
104044
044044
215377
377777
377777
326155
104104
104104
044044
111333
377777
377777
377777
377777
377777
377777
377777
377777
377777
377777
377777
377777
377777
377777
377777
377777
377777
377777
377777
377777
377777
377777
377777
377777
377777
377777
377777
377777
377777
377777
377777
377777
377777
377777
377777
377777
377777
377777
377777
377777
377777
377777
377777
377777
377777
377777
377777
377777
377777
377777
377373
155110
110110
110104
044044
044044
215377
377777
377777
377332
155104
104104
044044
104222
377777
377777
377777
377777
377777
377777
377777
377777
377777
377777
377777
377777
377777
377777
377777
377777
377777
377777
377777
377777
377777
377777
377777
377777
377777
377777
377777
377777
377777
377777
377777
377777
377777
377777
377777
377777
377777
377777
377777
377777
377777
377777
377777
377777
377777
377777
377777
377777
377777
377777
377777
266110
110110
104104
044044
044044
216377
377777
377777
377777
262104
104104
104044
044104
216377
377777
377777
377777
377777
377777
377777
377777
377777
377777
377777
377777
377777
377777
377777
377777
377777
377777
377777
377777
377777
377777
377777
377777
377777
377777
377777
377777
377777
377777
377777
377777
377777
377777
377777
377777
377777
377777
377777
377777
377777
377777
377777
377777
377777
377777
377777
377777
377777
377777
377777
373155
110104
104104
044044
044044
222377
377777
377777
377777
222044
104044
044044
044044
105267
377777
377777
377777
377777
377777
377777
377777
377777
377777
377777
377777
377777
377777
377777
377777
377777
377777
377777
377777
377777
377777
377777
377777
377777
377777
377777
377777
377777
377777
377777
377777
377777
377777
377777
377777
377777
377777
377777
377777
377777
377777
377777
377777
377777
377777
377777
377777
377777
377777
377777
377266
150104
104104
044044
044044
222377
377777
377777
377777
222000
044044
044044
044044
105266
377777
377777
377777
377777
377777
377777
377777
377777
377777
377777
377777
377777
377777
377777
377777
377777
377777
377777
377777
377777
377777
377777
377777
377777
377777
377777
377777
377777
377777
377777
377777
377777
377777
377777
377777
377777
377777
377777
377777
377777
377777
377777
377777
377777
377777
377777
377777
377777
377777
377777
377777
215110
104104
044044
044044
222377
377777
377777
377777
156040
044044
044044
044044
105222
377777
377777
377777
377777
377777
377777
377777
377777
377777
377777
377777
377777
377777
377777
377777
377777
377777
377777
377777
377777
377777
377777
377777
377777
377777
377777
377777
377777
377777
377777
377777
377777
377777
377777
377777
377777
377777
377777
377777
377777
377777
377777
377777
377777
377777
377777
377777
377777
377777
377777
377777
326110
104104
044044
044044
215377
377777
377777
333222
111044
044044
044044
044044
045155
333377
377777
377777
377777
377777
377777
377777
377777
377777
377777
377777
377777
377777
377777
377777
377777
377777
377777
377777
377777
377777
377777
377777
377777
377777
377777
377777
377777
377777
377777
377777
377777
377777
377777
377777
377777
377777
377777
377777
377777
377777
377777
377777
377777
377777
377777
377777
377777
377777
377777
377777
266110
044044
044044
044044
111222
333333
266155
111105
105105
045044
044044
045045
045111
222377
377777
377777
377777
377777
377777
377777
377777
377777
377777
377777
377777
377777
377777
377777
377777
377777
377777
377777
377777
377777
377777
377777
377777
377777
377777
377777
377777
377777
377777
377777
377777
377777
377777
377777
377777
377777
377777
377777
377777
377777
377777
377777
377777
377777
377777
377777
377777
377777
377777
377333
151044
044044
044044
044044
044044
111111
105044
044044
044045
044044
044045
045045
045111
155333
377777
377777
377777
377777
377777
377777
377777
377777
377777
377777
377777
377777
377777
377777
377777
377777
377777
377777
377777
377777
377777
377777
377777
377777
377777
377777
377777
377777
377777
377777
377777
377777
377777
377777
377777
377777
377777
377777
377777
377777
377777
377777
377777
377777
377777
377777
377777
377777
377777
377267
111044
044044
044044
044044
044044
044044
044044
044044
044044
044044
044044
044044
045105
111222
377777
377777
377777
377777
377777
377777
377777
377777
377777
377777
377777
377777
377777
377777
377777
377777
377777
377777
377777
377777
377777
377777
377777
377777
377777
377777
377777
377777
377777
377777
377777
377777
377777
377777
377777
377777
377777
377777
377777
377777
377777
377777
377777
377777
377777
377777
377777
377777
377777
333155
111044
044044
044044
044044
044044
044044
044044
044044
044044
044044
044044
044044
044045
105155
373377
377777
377777
377777
377777
377777
377777
377777
377777
377777
377777
377777
377777
377777
377777
377777
377777
377777
377777
377777
377777
377777
377777
377777
377777
377777
377777
377777
377777
377777
377777
377777
377777
377777
377777
377777
377777
377777
377777
377777
377777
377777
377777
377777
377777
377777
377777
377777
377777
222111
105044
044044
044044
044044
044105
045044
044044
044044
044044
044044
044044
044044
044044
044151
333377
377777
377777
377777
377777
377777
377777
377777
377777
377777
377777
377777
377777
377777
377777
377777
377777
377777
377777
377777
377777
377777
377777
377777
377777
377777
377777
377777
377777
377777
377777
377777
377777
377777
377777
377777
377777
377777
377777
377777
377777
377777
377777
377777
377777
377777
377777
377777
333222
111111
105044
044045
045045
044045
105111
105000
000000
044044
044044
044044
044044
044044
044044
111222
377777
377777
377777
377777
377777
377777
377777
377777
377777
377777
377777
377777
377777
377777
377777
377777
377777
377777
377777
377777
377777
377777
377777
377777
377777
377777
377777
377777
377777
377777
377777
377777
377777
377777
377777
377777
377777
377777
377777
377777
377777
377777
377777
377777
377777
377777
377777
333266
155111
111105
105044
044045
105045
045045
105111
111111
155156
222222
222222
222222
222222
222222
222222
267377
377777
377777
377777
377777
377777
377777
377777
377777
377777
377777
377777
377777
377777
377777
377777
377777
377777
377777
377777
377777
377777
377777
377777
377777
377777
377777
377777
377777
377777
377777
377777
377777
377777
377777
377777
377777
377777
377777
377777
377777
377777
377777
377777
377777
377777
377777
333262
155111
111105
105105
105105
045105
105105
045045
105105
111222
377777
377777
377777
377777
377777
377777
377777
377777
377777
377777
377777
377777
377777
377777
377777
377777
377777
377777
377777
377777
377777
377777
377777
377777
377777
377777
377777
377777
377777
377777
377777
377777
377777
377777
377777
377777
377777
377777
377777
377777
377777
377777
377777
377777
377777
377777
377777
377777
377777
377777
377777
377777
377333
266222
151111
111111
105105
105105
105105
105105
105105
045045
045105
111222
377777
377777
377777
377777
377777
377777
377777
377777
377777
377777
377777
377777
377777
377777
377777
377777
377777
377777
377777
377777
377777
377777
377777
377777
377777
377777
377777
377777
377777
377777
377777
377777
377777
377777
377777
377777
377777
377777
377777
377777
377777
377777
377777
377777
377777
377777
377777
377777
377777
377777
377777
377373
266215
151111
111111
105105
105105
105105
105105
105105
045045
045045
045045
045156
377777
377777
377777
377777
377777
377777
377777
377777
377777
377777
377777
377777
377777
377777
377777
377777
377777
377777
377777
377777
377777
377777
377777
377777
377777
377777
377777
377777
377777
377777
377777
377777
377777
377777
377777
377777
377777
377777
377777
377777
377777
377777
377777
377777
377777
377777
377777
377777
377777
377777
377777
333222
151111
111111
111105
105105
105105
105105
105105
105045
045045
045044
044044
045222
377777
377777
377777
377777
377777
377777
377777
377777
377777
377777
377777
377777
377777
377777
377777
377777
377777
377777
377777
377777
377777
377777
377777
377777
377777
377777
377777
377777
377777
377777
377777
377777
377777
377777
377777
377777
377777
377777
377777
377777
377777
377777
377777
377777
377777
377777
377777
377777
377777
377777
377777
262151
111111
111105
105105
105105
105105
105105
105045
045044
044044
044044
044111
222333
377777
377777
377777
377777
377777
377777
377777
377777
377777
377777
377777
377777
377777
377777
377777
377777
377777
377777
377777
377777
377777
377777
377777
377777
377777
377777
377777
377777
377777
377777
377777
377777
377777
377777
377777
377777
377777
377777
377777
377777
377777
377777
377777
377777
377777
377777
377777
377777
377777
377777
377777
216111
111111
105105
105105
105105
105105
045045
045044
044044
044044
111155
222333
377777
377777
377777
377777
377777
377777
377777
377777
377777
377777
377777
377777
377777
377777
377777
377777
377777
377777
377777
377777
377777
377777
377777
377777
377777
377777
377777
377777
377777
377777
377777
377777
377777
377777
377777
377777
377777
377777
377777
377777
377777
377777
377777
377777
377777
377777
377777
377777
377777
377777
377777
377777
216105
105105
105105
105105
045045
044044
044044
044044
044044
111222
267377
377777
377777
377777
377777
377777
377777
377777
377777
377777
377777
377777
377777
377777
377777
377777
377777
377777
377777
377777
377777
377777
377777
377777
377777
377777
377777
377777
377777
377777
377777
377777
377777
377777
377777
377777
377777
377777
377777
377777
377777
377777
377777
377777
377777
377777
377777
377777
377777
377777
377777
377777
377777
377777
333156
111105
044044
044044
044044
044044
044044
044111
155222
333377
377777
377777
377777
377777
377777
377777
377777
377777
377777
377777
377777
377777
377777
377777
377777
377777
377777
377777
377777
377777
377777
377777
377777
377777
377777
377777
377777
377777
377777
377777
377777
377777
377777
377777
377777
377777
377777
377777
377777
377777
377777
377777
377777
377777
377777
377777
377777
377777
377777
377777
377777
377777
377777
377777
377777
267222
155151
111111
105045
045105
111155
222267
377777
377777
377777
377777
377777
377777
377777
377777
377777
377777
377777
377777
377777
377777
377777
377777
377777
377777
377777
377777
377777
377777
377777
377777
377777
377777
377777
377777
377777
377777
377777
377777
377777
377777
377777
377777
377777
377777
377777
377777
377777
377777
377777
377777
377777
377777
377777
377777
377777
377777
377777
377777
377777
377777
377777
377777
377777
377777
377777
333267
266266
266266
333377
377777
377777
377777
377777
377777
377777
377777
377777
377777
377777
377777
377777
377777
377777
377777
377777
377777
377777
377777
377777
377777
377777
377777
377777
377777
377777
377777
377777
377777
377777
377777
377777
377777
377777
377777
377777
377777
377777
377777
377777
377777
377777
377777
377777
377777
377777
377777
377777
377777
377777
377777
377777
377777
377777
377777
377777
377777
377777
377777
377777
377777
377777
377777
377777
377777
377777
377777
377777
377777
377777
377777
377777
377777
377777
377777
377777
377777
377777
377777
377777
377777
377777
377777
377777
377777
377777
377777
377777
377777
377777
377777
377777
377777
377777
377777
377777
377777
377777
377777
377777
377777
377777
377777
377777
377777
377777
377777
377777
377777
377777
377777
377777
377777
377777
377777
377777
377777
377777
377777
377777
377777
377777
377777
377777
377777
377777
377777
377777
377777
377777
377777
377777
377777
377777
377777
377777
377777
377777
377777
377777
377777
377777
377777
377777
377777
377777
377777
377777
377777
377777
377777
377777
377777
377777
377777
377777
377777
377777
377777