000000
000000
000000
012700
074000
012702
037777
012701
134030
112120
077201
000000
177777
177777
177777
177777
177777
177777
177777
177777
177777
177777
177777
177777
177777
177777
177777
177777
177777
177777
177777
177777
177777
177777
177777
177777
177777
177777
177777
177777
177777
177777
177777
177777
177777
177777
177777
177777
177777
177777
177777
177777
177777
177777
177777
177777
177777
177777
177777
177777
177777
177777
177777
177777
177777
177777
177777
177777
177777
177777
177777
177777
177777
177777
177777
177777
177777
177777
177777
177777
177777
177777
177777
177777
177777
177777
177777
177777
177777
177777
177777
177777
177777
177777
177777
177777
177777
177777
177777
177777
177777
177777
177777
177777
177777
177777
177777
177777
177777
177777
177777
177777
177777
177777
177777
177777
177777
177777
177777
177777
177777
177777
177777
177777
177777
177777
177777
177777
177777
177777
177777
177777
177777
177777
177777
177777
177777
177777
177777
177777
177777
177777
177777
177777
177777
177777
177777
177777
177777
177777
177777
177777
177777
177777
177777
177777
177777
177777
177777
177777
177777
177777
177777
177777
177777
177777
177777
177777
177777
177777
177777
177777
177777
177777
177777
177777
177777
177777
177777
177777
177777
177777
177777
177777
177777
177777
177777
177777
177777
177777
177777
177777
177777
177777
177777
177777
177777
177777
177777
177777
177777
177777
177777
177777
177777
177777
177777
177777
177777
177777
177777
177777
177777
177777
177777
177777
177777
177777
177777
177777
177777
177777
177777
177777
177777
177777
177777
177777
177777
177777
177777
177777
177777
177777
177777
177777
177777
177777
177777
177777
177777
177777
177777
177777
177777
177777
177777
177777
177777
177777
177777
177777
177777
177777
177777
177777
177777
177777
177777
177777
177777
177777
177777
177777
177777
177777
177777
177777
177777
177777
177777
177777
177777
177777
177777
177777
177777
177777
177777
177777
177777
177777
177777
177777
177777
177777
177777
177777
177777
177777
177777
177777
177777
177777
177777
177777
177777
177777
177777
177777
177777
177777
177777
177777
177777
177777
177777
177777
177777
177777
177777
177777
177777
177777
177777
177777
177777
177777
177777
177777
177777
177777
177777
177777
177777
177777
177777
177777
177777
177777
177777
177777
177777
177777
177777
177777
177777
177777
177777
177777
177777
177777
177777
177777
177777
177777
177777
177777
177777
177777
177777
177777
177777
177777
177777
177777
177777
177777
177777
177777
177777
177777
177777
177777
177777
177777
177777
177777
177777
177777
177777
177777
177777
177777
177777
177777
177777
177777
177777
177777
177777
177777
177777
177777
177777
177777
177777
177777
177777
177777
177777
177777
177777
177777
177777
177777
177777
177777
177777
177777
177777
177777
177777
177777
177777
177777
177777
177777
177777
177777
177777
177777
177777
177777
177777
177777
177777
177777
177777
177777
177777
177777
177777
177777
177777
177777
177777
177777
177777
177777
177777
177777
177772
177777
177777
177777
177777
177777
177777
177777
177777
177777
177777
177777
177777
177777
177777
177777
177777
177777
177777
177777
177777
177777
177777
177777
177777
177777
177777
177777
177777
177777
177777
177777
177777
177777
177777
177777
177777
177777
177777
177777
177777
177777
177777
177777
177777
177777
177777
177777
177777
177777
177777
177777
177777
177777
177777
177777
177777
177777
177777
177777
177777
177777
177777
177777
155261
152777
177777
177777
177777
177777
177777
177777
177777
177777
177777
177777
177777
177777
177777
177777
177777
177777
177777
177777
177777
177777
177777
177777
177777
177777
177777
177777
177777
177777
177777
177777
177777
177777
177777
177777
177777
177777
177777
177777
177777
177777
177777
177777
177777
177777
177777
177777
177777
177777
177777
177777
177777
177777
177777
177777
177777
177777
177376
157331
155336
177777
177777
177777
155215
132772
177777
177777
177777
177777
177777
177777
177777
177777
177777
177777
177777
177777
177777
177777
177777
177777
177777
177777
177777
177777
177777
177777
177777
177777
177777
177777
177777
177777
177777
177777
177777
177777
177777
177777
177777
177777
177777
177777
177777
177777
177777
177777
177777
177777
177777
177777
177777
177777
177777
177777
177777
177777
177777
177777
177777
177775
154731
154731
154731
132672
157777
177777
155221
132732
177777
177777
177777
177777
177777
177777
177777
177777
177777
177777
177777
177777
177777
177777
177777
177777
177777
177777
177777
177777
177777
177777
177777
177777
177777
177777
177777
177777
177777
177777
177777
177777
177777
177777
177777
177777
177777
177777
177777
177777
177777
177777
177777
177777
177777
177777
177777
177777
177777
177777
177777
177777
177777
177777
177776
176731
174731
154731
154665
132625
112732
177777
155261
130732
177777
177777
177777
177777
177777
177777
177777
177777
177777
177777
177777
177777
177777
177777
177777
177777
177777
177777
177777
177777
177777
177777
177777
177777
177777
177777
177777
177777
177777
177777
177777
177777
177777
177777
177777
177777
177777
177777
177777
177777
177777
177777
177777
177777
177777
177777
177777
177777
177777
177777
177777
177777
177777
177777
177775
176771
154731
132665
132665
132621
110621
155377
132621
155777
177777
177777
177777
177777
177777
177777
177777
177777
177777
177777
177777
177777
177777
177777
177777
177777
177777
177777
177777
177777
177777
177777
177777
177777
177777
177777
177777
177777
177777
177777
177777
177777
177777
177777
177777
177777
177777
177777
177777
177777
177777
177777
177777
177777
177777
177777
177777
177777
177777
177777
177777
177777
177777
177777
176775
176731
132555
066555
110665
132665
110621
132665
132733
177777
177777
177777
177777
177777
177777
177777
177777
177777
177777
177777
177777
177777
177777
177777
177777
177777
177777
177777
177777
177777
177777
177777
177777
177777
177777
177777
177777
177777
177777
177777
177777
177777
177777
177777
177777
177777
177777
177777
177777
177777
177777
177777
177777
177777
177777
177777
177777
177777
177777
177777
177777
177777
177777
177776
176775
154621
064511
066555
066621
110665
132665
132621
133377
177777
177777
177777
177777
177777
177777
177777
177777
177777
177777
177777
177777
177777
177777
177777
177777
177777
177777
177777
177777
177777
177777
177777
177777
177777
177777
177777
177777
177777
177777
177777
177777
177777
177777
177777
177777
177777
177777
177777
177777
177777
177777
177777
177777
177777
177777
177777
177777
177777
177777
177777
177777
177777
177777
177775
176731
110555
066621
110621
110621
110621
112665
110555
110777
177777
177777
177777
177777
177777
177777
177777
177777
177777
177777
177777
177777
177777
177777
177777
177777
177777
177777
177777
177777
177777
177777
177777
177777
177777
177777
177777
177777
177777
177777
177777
177777
177777
177777
177777
177777
177777
177777
177777
177777
177777
177777
177777
177777
177777
177777
177777
177777
177777
177777
177777
177777
177777
177777
177371
174665
066555
110621
110621
110621
106621
132665
110555
110666
177777
177777
177777
177777
177777
177777
177777
177777
177777
177777
177777
177777
177777
177777
177777
177777
177777
177777
177777
177777
177777
177777
177777
177777
177777
177777
177777
177777
177777
177777
177777
177777
177777
177777
177777
177777
177777
177777
177777
177777
177777
177777
177777
177777
177777
177777
177777
177777
177777
177777
177777
177777
177777
177776
154731
154665
066555
066621
110615
106621
130665
154665
132621
110621
155777
177777
177777
177777
177777
177777
177777
177777
177777
177777
177777
177777
177777
177777
177777
177777
177777
177777
177777
177777
177777
177777
177777
177777
177777
177777
177777
177777
177777
177777
177777
177777
177777
177777
177777
177777
177777
177777
177777
177777
177777
177777
177777
177777
177777
177777
177777
177777
177777
177777
177777
177777
177377
153265
110621
132661
066555
110661
066504
066665
154731
154665
132621
110621
133377
177777
177777
177777
177777
177777
177777
177777
177777
177777
177777
177777
177777
177777
177777
177777
177777
177777
177777
177777
177777
177777
177777
177777
177777
177777
177777
177777
177777
177777
177777
177777
177777
177777
177777
177777
177777
177777
177777
177777
177777
177777
177777
177777
177777
177777
177777
177777
177777
177777
177777
177772
152661
066551
064555
110665
110555
110662
131155
132731
154725
132665
110621
110621
110733
177777
177777
177777
177777
177777
177777
177777
177777
177777
177777
177777
177777
177777
177777
177777
177777
177777
177777
177777
177777
177777
177777
177777
177777
177777
177777
177777
177777
177777
177777
177777
177777
177777
177777
177777
177777
177777
177777
177777
177777
177777
177777
177777
177777
177777
177777
177777
177777
177777
177777
177772
132621
066555
066555
110731
132665
132665
152731
154725
132665
132661
110621
110621
110665
177777
177777
177777
177777
177777
177777
177777
177777
177777
177777
177777
177777
177777
177777
177777
177777
177777
177777
177777
177777
177777
177777
177777
177777
177777
177777
177777
177777
177777
177777
177777
177777
177777
177777
177777
177777
177777
177777
177777
177777
177777
177777
177777
177777
177777
177777
177777
177777
177777
177777
177777
132661
132621
110615
132731
154731
152725
154731
132621
110621
110621
110621
110621
110621
133377
177777
177777
177777
177777
177777
177777
177777
177777
177777
177777
177777
177777
177777
177777
177777
177777
177777
177777
177777
177777
177777
177777
177777
177777
177777
177777
177777
177777
177777
177777
177777
177777
177777
177777
177777
177777
177777
177777
177777
177777
177777
177777
177777
177777
177777
177777
177777
177777
177777
177777
155777
155661
130661
154731
132665
132621
110621
106555
066555
066615
106621
110621
070561
110666
177777
177777
177777
177777
177777
177777
177777
177777
177777
177777
177777
177777
177777
177777
177777
177777
177777
177777
177777
177777
177777
177777
177777
177777
177777
177777
177777
177777
177777
177777
177777
177777
177777
177777
177777
177777
177777
177777
177777
177777
177777
177777
177777
177777
177777
177777
177777
177777
177777
177777
177777
177732
155331
154665
110555
066555
066615
066615
106615
106615
106615
110621
070555
070621
134777
177777
155667
133222
111262
133333
177777
177777
177777
177777
177777
177777
177777
177777
177777
177777
177777
177777
177777
177777
177777
177777
177777
177777
177777
177777
177777
177777
177777
177777
177777
177777
177777
177777
177777
177777
177777
177777
177777
177777
177777
177777
177777
177777
177777
177777
177777
177777
177777
177777
177777
177731
154731
152661
066510
044155
110665
132661
110661
132661
130621
110621
066555
066665
132665
110556
044444
022044
022044
022111
111333
177777
177777
177777
177777
177777
177777
177777
177777
177777
177777
177777
177777
177777
177777
177777
177777
177777
177777
177777
177777
177777
177777
177777
177777
177777
177777
177777
177777
177777
177777
177777
177777
177777
177777
177777
177777
177777
177777
177777
177777
177777
177777
177777
177777
177331
132665
130615
064550
110665
154665
130621
106661
132665
154661
110555
066555
110665
132555
044505
022044
022511
066555
044511
022111
111377
177777
177777
177777
177777
177777
177777
177777
177777
177777
177777
177777
177777
177777
177777
177777
177777
177777
177777
177777
177777
177777
177777
177777
177777
177777
177777
177777
177777
177777
177777
177777
177777
177777
177777
177777
177777
177777
177777
177777
177777
177777
177777
177777
154661
066555
066555
106665
154725
130621
106621
130665
132665
154665
110555
066555
110665
066511
044444
022111
111333
177777
155666
111111
044556
177777
177777
177777
177777
177777
177777
177777
177777
177777
177777
177777
177777
177777
177777
177777
177777
177777
177777
177777
177777
177777
177777
177777
177777
177777
177777
177777
177777
177777
177777
177777
177777
177777
177777
177777
177777
177777
177777
177777
177777
177777
177777
177777
154555
066621
130661
152731
132621
106621
132665
110665
132665
154661
066555
066555
066555
044511
022445
066733
177777
177777
177733
155667
111111
111377
177777
177777
177777
177777
177777
177777
177777
177777
177777
177777
177777
177777
177777
177777
177777
177777
177777
177777
177777
177777
177777
177777
177777
177777
177777
177777
177777
177777
177777
177777
177777
177777
177777
177777
177777
177777
177777
177777
177777
177777
177777
177777
153154
110771
174771
154665
110661
132665
132621
130665
132665
132621
066555
044511
044505
044505
022555
155777
177777
177777
155733
155727
153666
066666
177777
177777
177777
177777
177777
177777
177777
177777
177777
177777
177777
177777
177777
177777
177777
177777
177777
177777
177777
177777
177777
177777
177777
177777
177777
177777
177777
177777
177777
177777
177777
177777
177777
177777
177777
177777
177777
177777
177777
177777
177777
177777
175621
130725
152726
153325
152665
130661
110621
130661
130665
132555
066511
044511
022505
044444
064727
177777
177777
177773
155733
155733
155733
133266
177777
177777
177777
177777
177777
177777
177777
177777
177777
177777
177777
177777
177777
177777
177777
177777
177777
177777
177777
177777
177777
177777
177777
177777
177777
177777
177777
177777
177777
177777
177777
177777
177777
177777
177777
177777
177777
177777
177777
177777
177777
177777
177732
132661
130726
153265
130621
110621
110621
110621
110665
110555
064510
044511
022511
042511
133377
177777
177777
177773
175733
155733
155733
155667
155777
177777
177777
177777
177777
177777
177777
177777
177777
177777
177777
177777
177777
177777
177777
177777
177777
177777
177777
177777
177777
177777
177777
177777
177777
177777
177777
177777
177777
177777
177777
177777
177777
177777
177777
177777
177777
177777
177777
177777
177777
177777
177777
175331
152665
130661
110621
110621
110621
110621
110621
066555
044510
042511
044511
044616
177777
177777
177777
177773
177777
177733
155727
133266
133777
177777
177777
177777
177777
177777
177777
177777
177777
177777
177777
177777
177777
177777
177777
177777
177777
177777
177777
177777
177777
177777
177777
177777
177777
177777
177777
177777
177777
177777
177777
177777
177777
177777
177777
177777
177777
177777
177777
177777
177777
177777
177777
177331
132665
132661
130621
110621
110621
110621
110621
066511
044044
042551
064511
064666
177777
177773
177777
175773
175773
155733
153266
133266
133266
177777
177777
177777
177777
177777
177777
177777
177777
177777
177777
177777
177777
177777
177777
177777
177777
177777
177777
177777
177777
177777
177777
177777
177777
177777
177777
177777
177777
177777
177777
177777
177777
177777
177777
177777
177777
177777
177777
177777
177777
177777
177777
177731
132665
132665
132665
132665
132661
130621
110555
044510
022105
044551
064511
107377
177777
177733
175777
175733
155733
155733
155733
155733
155733
155777
177777
177777
177777
177777
177777
177777
177777
177777
177777
177777
177777
177777
177777
177777
177777
177777
177777
177777
177777
177777
177777
177777
177777
177777
177777
177777
177777
177777
177777
177777
177777
177777
177777
177777
177777
177777
177777
177777
177777
177777
177777
177732
154725
152731
154731
154731
132665
110621
066555
044044
022111
044511
044551
133377
177777
175733
155773
175733
155733
155733
155733
155777
177733
155733
177777
177777
177777
177777
177777
177777
177777
177777
177777
177777
177777
177777
177777
177777
177777
177777
177777
177777
177777
177777
177777
177777
177777
177777
177777
177777
177777
177777
177777
177777
177777
177777
177777
177777
177777
177777
177777
177777
177777
177777
177777
177777
154731
154731
174771
154725
132621
106555
066510
042044
042511
044511
044555
153377
177777
175733
155773
175733
155733
175733
155733
175777
175733
155733
155777
177777
177777
177777
177777
177777
177777
177777
177777
177777
177777
177777
177777
177777
177777
177777
177777
177777
177777
177777
177777
177777
177777
177777
177777
177777
177777
177777
177777
177777
177777
177777
177777
177777
177777
177777
177777
177777
177777
177777
177777
177777
177331
176775
154731
132661
110555
066555
044110
042111
044551
064511
044555
155777
177773
175733
175777
177733
155773
177773
155733
175773
177777
177777
177777
177777
177777
177777
177777
177777
177777
177777
177777
177777
177777
177777
177777
177777
177777
177777
177777
177777
177777
177777
177777
177777
177777
177777
177777
177777
177777
177777
177777
177777
177777
177777
177777
177777
177777
177777
177777
177777
177777
177777
177777
177777
177775
154731
132665
110615
066555
066511
044110
042511
064511
044511
044615
155773
175733
155733
175777
175773
155773
177777
175773
175777
177777
177777
177777
177777
155733
177777
177777
177777
177777
177777
177777
177777
177777
177777
177777
177777
177777
177777
177777
177777
177777
177777
177777
177777
177777
177777
177777
177777
177777
177777
177777
177777
177777
177777
177777
177777
177777
177777
177777
177777
177777
177777
177777
177777
177777
132665
110615
066555
066551
066555
044511
044511
064511
022511
044622
175773
155733
155732
175733
155773
175777
177773
177777
177777
177777
177777
177777
177773
155733
133333
177777
177777
177777
177777
177777
177777
177777
177777
177777
177777
177777
177777
177777
177777
177777
177777
177777
177777
177777
177777
177777
177777
177777
177777
177777
177777
177777
177777
177777
177777
177777
177777
177777
177777
177777
177777
177777
177777
177777
110621
106555
066555
066555
110555
044105
044511
044511
044505
044622
155733
155732
155326
155732
155777
177777
175773
177777
177777
177777
177777
177777
175733
155733
133266
133333
177777
177777
177777
177777
177777
177777
177777
177777
177777
177777
177777
177777
177777
177777
177777
177777
177777
177777
177777
177777
177777
177777
177777
177777
177777
177777
177777
177777
177777
177777
177777
177777
177777
177777
177777
177777
177777
177733
044555
110555
066621
110665
110511
022111
064511
044511
044444
044622
155733
153326
133266
155326
155773
155773
175777
177777
177777
177777
177777
177777
175777
175733
153266
131262
155777
177777
177777
177777
177777
177777
177777
177777
177777
177777
177777
177777
177777
177777
177777
177777
177777
177777
177777
177777
177777
177777
177777
177777
177777
177777
177777
177777
177777
177777
177777
177777
177777
177777
177777
177777
177777
177666
044621
132621
110665
132661
064445
042511
066511
044511
044444
044622
153326
133266
133266
153332
155732
153333
175777
177777
177777
177777
177777
177777
177777
175733
155266
131222
133377
177777
177777
177777
177777
177777
177777
177777
177777
177777
177777
177777
177777
177777
177777
177777
177777
177777
177777
177777
177777
177777
177777
177777
177777
177777
177777
177777
177777
177777
177777
177777
177777
177777
177777
177777
177777
177555
044621
132665
132731
132555
022105
044551
064505
042505
022505
044615
133266
131262
131262
133326
155326
155373
177777
177777
177777
177777
177777
177777
177773
155733
153266
111216
111333
177777
177777
177777
177777
177777
177777
177777
177777
177777
177777
177777
177777
177777
177777
177777
177777
177777
177777
177777
177777
177777
177777
177777
177777
177777
177777
177777
177777
177777
177777
177777
177777
177777
177777
177777
177777
155511
044666
154731
154665
066511
044511
044511
044505
044511
042505
044615
131266
131222
111222
131326
153326
155773
175773
177777
177777
177777
177777
177777
177777
175733
133262
111215
111333
177777
177777
177777
177777
177777
177777
177777
177777
177777
177777
177777
177777
177777
177777
177777
177777
177777
177777
177777
177777
177777
177777
177777
177777
177777
177777
177777
177777
177777
177777
177777
177777
177777
177777
177777
177777
133044
044666
154731
133215
064511
022511
044511
044511
044505
042505
044615
131262
111222
110615
111266
133326
155373
175732
175777
177777
177777
177777
177777
177777
175733
133262
111155
107327
177777
177777
177777
177777
177777
177777
177777
177777
177777
177777
177777
177777
177777
177777
177777
177777
177777
177777
177777
177777
177777
177777
177777
177777
177777
177777
177777
177777
177777
177777
177777
177777
177777
177777
177777
177777
111044
066733
153266
066511
044511
044511
044511
042511
044444
042505
044615
111222
111221
110615
106622
131266
153332
155332
177777
177777
177777
177777
177777
177773
155726
133262
111155
106667
177777
177777
177777
177777
177777
177777
177777
177777
177777
177777
177777
177777
177777
177777
177777
177777
177777
177777
177777
177777
177777
177777
177777
177777
177777
177777
177777
177777
177777
177777
177777
177777
177777
177777
177777
177777
066445
107373
133155
042511
044505
042505
042511
044511
042505
042505
044615
106621
111215
106615
106555
106662
133326
133332
177777
177777
177777
177777
177777
177733
153266
131262
107155
066727
177777
177777
177777
177777
177777
177777
177777
177777
177777
177777
177777
177777
177777
177777
177777
177777
177777
177777
177777
177777
177777
177777
177777
177777
177777
177777
177777
177777
177777
177777
177777
177777
177777
177777
177777
177777
066445
111266
044505
044511
042445
022511
044511
042505
042445
022505
044555
106615
110615
106615
106555
066555
111262
133333
177777
177777
177773
175773
175773
155726
133262
111222
106555
106733
177777
177777
177777
177777
177777
177777
177777
177777
177777
177777
177777
177777
177777
177777
177777
177777
177777
177777
177777
177777
177777
177777
177777
177777
177777
177777
177777
177777
177777
177777
177777
177777
177777
177777
177777
177777
044445
066555
022111
044511
022505
044511
064511
044505
022445
042505
044555
106615
106615
106615
106555
066555
066555
111373
177777
177773
175773
175733
175733
153266
131222
111215
106555
111333
177777
177777
177777
177777
177777
177777
177777
177777
177777
177777
177777
177777
177777
177777
177777
177777
177777
177777
177777
177777
177777
177777
177777
177777
177777
177777
177777
177777
177777
177777
177777
177777
177777
177777
177777
177733
044445
044511
022511
044505
042511
044511
044511
044511
022105
042505
044555
106615
106615
106615
066555
066555
064511
111377
177777
175773
175773
175733
155726
133222
110615
106555
106615
111377
177777
177777
177777
177777
177777
177777
177777
177777
177777
177777
177777
177777
177777
177777
177777
177777
177777
177777
177777
177777
177777
177777
177777
177777
177777
177777
177777
177777
177777
177777
177777
177777
177777
177777
177777
177733
044505
042511
042511
042511
044511
044511
044511
044511
042444
022105
042511
066615
106615
106555
066555
066555
064555
133377
177773
155773
175773
175732
153266
111221
106615
106555
106615
133377
177777
177777
177777
177777
177777
177777
177777
177777
177777
177777
177777
177777
177777
177777
177777
177777
177777
177777
177777
177777
177777
177777
177777
177777
177777
177777
177777
177777
177777
177777
177777
177777
177777
177777
177777
177726
044505
044511
044511
044511
044511
044511
044511
044505
042444
022105
042511
064555
106555
066555
066555
066555
064622
175773
177773
155733
175773
155726
133262
111222
110615
106555
066622
155777
177777
177777
177777
177777
177777
177777
177777
177777
177777
177777
177777
177777
177777
177777
177777
177777
177777
177777
177777
177777
177777
177777
177777
177777
177777
177777
177777
177777
177777
177777
177777
177777
177777
177777
177777
177666
042511
044505
044511
044511
044511
044511
044511
044505
042445
022105
044511
044551
066555
066555
066555
066555
066666
177773
175773
175773
175732
155266
131262
111221
110615
106555
066666
177777
177777
177777
177777
177777
177777
177777
177777
177777
177777
177777
177777
177777
177777
177777
177777
177777
177777
177777
177777
177777
177777
177777
177777
177777
177777
177777
177777
177777
177777
177777
177777
177777
177777
177777
177777
177622
022155
066505
044511
044511
044511
044511
044511
044511
044511
022505
044511
044511
044511
044555
066555
066555
106733
177777
177777
175773
155732
153266
131262
111221
106615
066555
107333
177777
177777
177777
177777
177777
177777
177777
177777
177777
177777
177777
177777
177777
177777
177777
177777
177777
177777
177777
177777
177777
177777
177777
177777
177777
177777
177777
177777
177777
177777
177777
177777
177777
177777
177777
177777
155555
042622
111045
044511
044511
044511
044511
044511
044511
044511
042505
042511
044511
044511
042511
044551
064555
111377
177777
175777
175733
155326
133266
131222
110615
106615
066555
133377
177777
177777
177777
177777
177777
177777
177777
177777
177777
177777
177777
177777
177777
177777
177777
177777
177777
177777
177777
177777
177777
177777
177777
177777
177777
177777
177777
177777
177777
177777
177777
177777
177777
177777
177777
177777
153155
044666
106445
044511
044511
044511
044511
044511
044511
044511
044511
042505
042511
044511
044511
042511
044555
153377
177773
155773
175732
153326
133262
111221
106615
106615
066622
177777
177777
177777
177777
177777
177777
177777
177777
177777
177777
177777
177777
177777
177777
177777
177777
177777
177777
177777
177777
177777
177777
177777
177777
177777
177777
177777
177777
177777
177777
177777
177777
177777
177777
177777
177777
177773
133111
044726
106505
044511
044511
044511
044511
044511
044505
042511
044511
044511
044511
044511
044511
044511
044615
175777
177773
155732
155332
153326
133262
110615
106555
066555
106727
177777
177777
177777
177777
177777
177777
177777
177777
177777
177777
177777
177777
177777
177777
177777
177777
177777
177777
177777
177777
177777
177777
177777
177777
177777
177777
177777
177777
177777
177777
177777
177777
177777
177777
177777
177777
177733
111111
044773
155215
066555
064551
066555
064511
044511
044511
044504
042111
044511
044511
044511
044511
044511
066666
177777
177773
155332
155332
153266
131222
106615
066555
066555
131377
177777
177777
177777
177777
177777
177777
177777
177777
177777
177777
177777
177777
177777
177777
177777
177777
177777
177777
177777
177777
177777
177777
177777
177777
177777
177777
177777
177777
177777
177777
177777
177777
177777
177777
177777
177777
177732
133111
066777
177733
153326
133266
133266
131215
066551
064551
064551
044511
044511
044511
044511
044511
044511
111333
177777
175733
155733
155732
153266
131221
106555
066555
066622
155777
177777
177777
177777
177777
177777
177777
177777
177777
177777
177777
177777
177777
177777
177777
177777
177777
177777
177777
177777
177777
177777
177777
177777
177777
177777
177777
177777
177777
177777
177777
177777
177777
177777
177777
177777
177777
155331
132555
110777
177777
175777
177773
155732
155332
133262
111222
111222
111215
066555
066555
064551
064511
044555
153333
155777
175773
155733
155732
153262
110615
106555
066555
066667
177777
177777
177777
177777
177777
177777
177777
177777
177777
177777
177777
177777
177777
177777
177777
177777
177777
177777
177777
177777
177777
177777
177777
177777
177777
177777
177777
177777
177777
177777
177777
177777
177777
177777
177777
177777
177732
154731
132621
133377
177777
177777
177777
175733
155733
155732
153326
153266
133222
111222
111222
106555
066555
106666
155732
155373
175733
155732
153326
133222
106615
106555
066555
133377
177777
177777
177777
177777
177777
177777
177777
177777
177777
177777
177777
177777
177777
177777
177777
177777
177777
177777
177777
177777
177777
177777
177777
177777
177777
177777
177777
177777
177777
177777
177777
177777
177777
177777
177777
177777
155265
130665
132621
155777
177777
177777
177777
175773
175733
155733
155733
155666
131222
131266
131222
106555
066555
110666
155733
155733
155732
155326
133266
111215
106615
106555
066662
177777
177777
177777
177777
177777
177777
177777
177777
177777
177777
177777
177777
177777
177777
177777
177777
177777
177777
177777
177777
177777
177777
177777
177777
177777
177777
177777
177777
177777
177777
177777
177777
177777
177777
177777
177777
177731
152665
110661
110666
177777
177777
177777
177773
155773
175733
155773
175733
153222
110622
131266
111215
106555
110665
154732
153332
155733
155726
153266
131222
106615
106615
066555
111333
177777
177777
177777
177777
177777
177777
177777
177777
177777
177777
177777
177777
177777
177777
177777
177777
177777
177777
177777
177777
177777
177777
177777
177777
177777
177777
177777
177777
177777
177777
177777
177777
177777
177777
177777
177777
177325
154731
132661
132777
177777
177777
175777
177773
175773
175733
155773
175732
131215
111262
133262
106615
106621
132731
176731
153326
155733
153326
153266
131221
106615
106615
066615
153777
177777
177777
177777
177777
177777
177777
177777
177777
177777
177777
177777
177777
177777
177777
177777
177777
177777
177777
177777
177777
177777
177777
177777
177777
177777
177777
177777
177777
177777
177777
177777
177777
177777
177777
177777
177777
177325
132665
110661
155377
177777
177777
175773
177777
177773
155733
175773
155666
111222
131266
133222
110615
110731
176731
154731
154726
155333
153266
133262
131221
106615
106555
066666
177777
177777
177777
177777
177777
177777
177777
177777
177777
177777
177777
177777
177777
177777
177777
177777
177777
177777
177777
177777
177777
177777
177777
177777
177777
177777
177777
177777
177777
177777
177777
177777
177777
177777
177777
177777
177777
174725
130621
066621
155377
177777
177777
177777
177777
175733
175773
177733
133262
111262
133266
131222
106621
132771
154731
154731
154731
152726
153266
131222
110615
106615
106555
111373
177777
177777
177777
177777
177777
177777
177777
177777
177777
177777
177777
177777
177777
177777
177777
177777
177777
177777
177777
177777
177777
177777
177777
177777
177777
177777
177777
177777
177777
177777
177777
177777
177777
177777
177777
177777
177777
154725
152661
110665
177777
177777
177777
177777
177777
155733
175733
155726
131222
111262
131262
111215
106615
132731
154731
154731
154731
152665
133266
131221
106615
106615
066555
153777
177777
177777
177777
177777
177777
177777
177777
177777
177777
177777
177777
177777
177777
177777
177777
177777
177777
177777
177777
177777
177777
177777
177777
177777
177777
177777
177777
177777
177777
177777
177777
177777
177777
177777
177777
177777
177777
153265
132661
130732
177777
177777
177777
177777
177773
155733
155726
133222
110622
111262
131222
106615
106615
132775
154731
154731
154731
152665
132661
110615
106615
106555
066662
177777
177777
177777
177777
177777
177777
177777
177777
177777
177777
177777
177777
177777
177777
177777
177777
177777
177777
177777
177777
177777
177777
177777
177777
177777
177777
177777
177777
177777
177777
177777
177777
177777
177777
177777
177777
177777
177777
155265
130615
106666
177777
177777
175777
177777
175733
155733
155266
111215
106622
131262
131222
106615
106621
154731
152731
154731
152665
132665
132621
110615
106615
066555
106733
177777
177777
177777
177777
177777
177777
177777
177777
177777
177777
177777
177777
177777
177777
177777
177777
177777
177777
177777
177777
177777
177777
177777
177777
177777
177777
177777
177777
177777
177777
177777
177777
177777
177777
177777
177777
177777
177777
177731
132621
106666
177777
177777
175777
177777
155726
153332
153266
111221
111222
131262
111221
106615
106621
154665
152731
154665
132665
132665
130621
066555
066622
133262
155777
177777
177777
177777
177777
177777
177777
177777
177777
177777
177777
177777
177777
177777
177777
177777
177777
177777
177777
177777
177777
177777
177777
177777
177777
177777
177777
177777
177777
177777
177777
177777
177777
177777
177777
177777
177777
177777
177777
177732
130621
066666
177773
175773
175777
177773
155266
153326
133262
131222
111222
111221
106615
066555
064551
110665
154731
132665
132665
132665
110621
066550
066733
177777
177777
177777
177777
177777
177777
177777
177777
177777
177777
177777
177777
177777
177777
177777
177777
177777
177777
177777
177777
177777
177777
177777
177777
177777
177777
177777
177777
177777
177777
177777
177777
177777
177777
177777
177777
177777
177777
177777
177777
177777
133221
066262
177773
155732
155773
175733
133266
133266
133262
131262
111221
106555
064551
044504
022044
022221
154665
132665
132665
132661
110615
066551
111377
177777
177777
177777
177777
177777
177777
177777
177777
177777
177777
177777
177777
177777
177777
177777
177777
177777
177777
177777
177777
177777
177777
177777
177777
177777
177777
177777
177777
177777
177777
177777
177777
177777
177777
177777
177777
177777
177777
177777
177777
177777
177733
133266
175777
175732
155332
153266
131222
111262
131262
111221
106555
064511
042044
022044
022044
022155
152665
132665
132665
130621
110555
064555
155777
177777
177777
177777
177777
177777
177777
177777
177777
177777
177777
177777
177777
177777
177777
177777
177777
177777
177777
177777
177777
177777
177777
177777
177777
177777
177777
177777
177777
177777
177777
177777
177777
177777
177777
177777
177777
177777
177777
177777
177777
177777
177777
177733
175773
175773
155326
133262
111221
110622
131221
106555
064504
022044
022044
022044
022044
022151
110661
132665
132661
110621
066555
064622
177777
177777
177777
177777
177777
177777
177777
177777
177777
177777
177777
177777
177777
177777
177777
177777
177777
177777
177777
177777
177777
177777
177777
177777
177777
177777
177777
177777
177777
177777
177777
177777
177777
177777
177777
177777
177777
177777
177777
177777
177777
177777
177777
177777
177732
155733
153266
133262
110621
110615
106551
044504
042104
022044
022044
042105
042511
044511
064555
110665
130621
106555
064510
066666
177777
177777
177777
177777
177777
177777
177777
177777
177777
177777
177777
177777
177777
177777
177777
177777
177777
177777
177777
177777
177777
177777
177777
177777
177777
177777
177777
177777
177777
177777
177777
177777
177777
177777
177777
177777
177777
177777
177777
177777
177777
177777
177777
177777
177726
153332
133266
131221
106615
066551
044504
022044
022044
022105
044555
066555
106616
106555
064511
066661
110555
066551
044511
110777
177777
177777
177777
177777
177777
177777
177777
177777
177777
177777
177777
177777
177777
177777
177777
177777
177777
177777
177777
177777
177777
177777
177777
177777
177777
177777
177777
177777
177777
177777
177777
177777
177777
177777
177777
177777
177777
177777
177777
177777
177777
177777
177777
177777
177733
133266
131221
106555
066551
044504
022044
022044
044555
106622
133266
133222
111222
106555
066555
066555
064511
044511
044555
155777
177777
177777
177777
177777
177777
177777
177777
177777
177777
177777
177777
177777
177777
177777
177777
177777
177777
177777
177777
177777
177777
177777
177777
177777
177777
177777
177777
177777
177777
177777
177777
177777
177777
177777
177777
177777
177777
177777
177777
177777
177777
177777
177777
177777
177777
133221
106555
064511
044504
022044
042111
064616
133333
155733
133266
133262
111222
106615
066615
066551
044511
044511
064666
177777
177777
177777
177777
177777
177777
177777
177777
177777
177777
177777
177777
177777
177777
177777
177777
177777
177777
177777
177777
177777
177777
177777
177777
177777
177777
177777
177777
177777
177777
177777
177777
177777
177777
177777
177777
177777
177777
177777
177777
177777
177777
177777
177777
177777
177777
177666
066511
042104
042044
022111
066662
155773
175733
155726
133266
133222
111222
106615
106615
106555
066555
066555
066727
177777
177777
177777
177777
177777
177777
177777
177777
177777
177777
177777
177777
177777
177777
177777
177777
177777
177777
177777
177777
177777
177777
177777
177777
177777
177777
177777
177777
177777
177777
177777
177777
177777
177777
177777
177777
177777
177777
177777
177777
177777
177777
177777
177777
177777
177777
177777
111044
042044
022105
066666
155777
177733
155733
155266
133266
133262
111215
106615
106615
106615
066555
066555
066727
177777
177777
177777
177777
177777
177777
177777
177777
177777
177777
177777
177777
177777
177777
177777
177777
177777
177777
177777
177777
177777
177777
177777
177777
177777
177777
177777
177777
177777
177777
177777
177777
177777
177777
177777
177777
177777
177777
177777
177777
177777
177777
177777
177777
177777
177777
177777
155555
042044
044622
155777
177777
177733
155733
153266
133266
133262
111222
106615
106615
106615
106555
066555
066727
177777
177777
177777
177777
177777
177777
177777
177777
177777
177777
177777
177777
177777
177777
177777
177777
177777
177777
177777
177777
177777
177777
177777
177777
177777
177777
177777
177777
177777
177777
177777
177777
177777
177777
177777
177777
177777
177777
177777
177777
177777
177777
177777
177777
177777
177777
177777
177733
107155
133373
177777
177777
175733
155733
153266
133266
131222
111222
111222
111215
106615
106555
066555
066727
177777
177777
177777
177777
177777
177777
177777
177777
177777
177777
177777
177777
177777
177777
177777
177777
177777
177777
177777
177777
177777
177777
177777
177777
177777
177777
177777
177777
177777
177777
177777
177777
177777
177777
177777
177777
177777
177777
177777
177777
177777
177777
177777
177777
177777
177777
177777
177777
177733
155777
177777
177773
155733
155733
153326
133262
111222
111222
111222
111222
111222
106615
066555
107333
177777
177777
177777
177777
177777
177777
177777
177777
177777
177777
177777
177777
177777
177777
177777
177777
177777
177777
177777
177777
177777
177777
177777
177777
177777
177777
177777
177777
177777
177777
177777
177777
177777
177777
177777
177777
177777
177777
177777
177777
177777
177777
177777
177777
177777
177777
177777
177777
177777
175777
177773
175773
155733
155733
153266
131222
111222
111222
111222
111222
111222
111215
106615
111333
177777
177777
177777
177777
177777
177777
177777
177777
177777
177777
177777
177777
177777
177777
177777
177777
177777
177777
177777
177777
177777
177777
177777
177777
177777
177777
177777
177777
177777
177777
177777
177777
177777
177777
177777
177777
177777
177777
177777
177777
177777
177777
177777
177777
177777
177777
177777
177777
177773
177777
177773
175773
155733
155726
153266
131222
111222
111222
111222
111222
111222
111222
106615
111333
177777
177777
177777
177777
177777
177777
177777
177777
177777
177777
177777
177777
177777
177777
177777
177777
177777
177777
177777
177777
177777
177777
177777
177777
177777
177777
177777
177777
177777
177777
177777
177777
177777
177777
177777
177777
177777
177777
177777
177777
177777
177777
177777
177777
177777
177777
177777
177777
177777
177777
177777
175733
155726
153326
133262
111222
111215
106622
111222
111222
111222
111222
111222
131333
177777
177777
177777
177777
177777
177777
177777
177777
177777
177777
177777
177777
177777
177777
177777
177777
177777
177777
177777
177777
177777
177777
177777
177777
177777
177777
177777
177777
177777
177777
177777
177777
177777
177777
177777
177777
177777
177777
177777
177777
177777
177777
177777
177777
177777
177777
177777
177777
177777
177777
177777
175732
153326
153266
131222
111222
111222
111222
106615
066555
066555
131333
175777
155777
177777
177777
177777
177777
177777
177777
177777
177777
177777
177777
177777
177777
177777
177777
177777
177777
177777
177777
177777
177777
177777
177777
177777
177777
177777
177777
177777
177777
177777
177777
177777
177777
177777
177777
177777
177777
177777
177777
177777
177777
177777
177777
177777
177777
177777
177777
177777
177777
177777
177777
177777
175733
153326
133266
111222
111222
111215
106555
064511
044111
066662
177777
177777
177777
177777
177777
177777
177777
177777
177777
177777
177777
177777
177777
177777
177777
177777
177777
177777
177777
177777
177777
177777
177777
177777
177777
177777
177777
177777
177777
177777
177777
177777
177777
177777
177777
177777
177777
177777
177777
177777
177777
177777
177777
177777
177777
177777
177777
177777
177777
177777
177777
177777
177777
175773
155733
133266
131262
111215
106615
066551
044504
022044
064666
177777
177777
177777
177777
177777
177777
177777
177777
177777
177777
177777
177777
177777
177777
177777
177777
177777
177777
177777
177777
177777
177777
177777
177777
177777
177777
177777
177777
177777
177777
177777
177777
177777
177777
177777
177777
177777
177777
177777
177777
177777
177777
177777
177777
177777
177777
177777
177777
177777
177777
177777
177777
177773
153266
133266
131262
111222
110615
066551
044511
042044
022044
022111
153777
177777
177777
177777
177777
177777
177777
177777
177777
177777
177777
177777
177777
177777
177777
177777
177777
177777
177777
177777
177777
177777
177777
177777
177777
177777
177777
177777
177777
177777
177777
177777
177777
177777
177777
177777
177777
177777
177777
177777
177777
177777
177777
177777
177777
177777
177777
177777
177777
177777
177777
177777
177777
155261
106551
066555
064551
064551
044510
042044
022044
022044
022044
022155
177777
177777
177777
177777
177777
177777
177777
177777
177777
177777
177777
177777
177777
177777
177777
177777
177777
177777
177777
177777
177777
177777
177777
177777
177777
177777
177777
177777
177777
177777
177777
177777
177777
177777
177777
177777
177777
177777
177777
177777
177777
177777
177777
177777
177777
177777
177777
177777
177777
177777
177777
177777
177777
130550
064551
044511
044150
044104
022044
022044
022044
022044
022044
022155
177777
177777
177777
177777
177777
177777
177777
177777
177777
177777
177777
177777
177777
177777
177777
177777
177777
177777
177777
177777
177777
177777
177777
177777
177777
177777
177777
177777
177777
177777
177777
177777
177777
177777
177777
177777
177777
177777
177777
177777
177777
177777
177777
177777
177777
177777
177777
177777
177777
177777
177777
177777
177777
106551
064551
044511
044110
042044
022044
022044
022044
022044
022044
022111
155777
177777
177777
177777
177777
177777
177777
177777
177777
177777
177777
177777
177777
177777
177777
177777
177777
177777
177777
177777
177777
177777
177777
177777
177777
177777
177777
177777
177777
177777
177777
177777
177777
177777
177777
177777
177777
177777
177777
177777
177777
177777
177777
177777
177777
177777
177777
177777
177777
177777
177777
177777
177733
106551
064511
044510
044110
042044
022044
022044
022044
022044
022044
022044
064727
177777
177777
177777
177777
177777
177777
177777
177777
177777
177777
177777
177777
177777
177777
177777
177777
177777
177777
177777
177777
177777
177777
177777
177777
177777
177777
177777
177777
177777
177777
177777
177777
177777
177777
177777
177777
177777
177777
177777
177777
177777
177777
177777
177777
177777
177777
177777
177777
177777
177777
177777
177726
106551
044511
064550
044104
022044
022044
022104
042104
022044
022044
022044
022104
107333
177777
177777
177777
177777
177777
177777
177777
177777
177777
177777
177777
177777
177777
177777
177777
177777
177777
177777
177777
177777
177777
177777
177777
177777
177777
177777
177777
177777
177777
177777
177777
177777
177777
177777
177777
177777
177777
177777
177777
177777
177777
177777
177777
177777
177777
177777
177777
177777
177777
177777
177732
106550
044150
064550
044044
022044
022111
106555
044104
022044
022044
022044
022044
022155
175777
177777
177777
177777
177777
177777
177777
177777
177777
177777
177777
177777
177777
177777
177777
177777
177777
177777
177777
177777
177777
177777
177777
177777
177777
177777
177777
177777
177777
177777
177777
177777
177777
177777
177777
177777
177777
177777
177777
177777
177777
177777
177777
177777
177777
177777
177777
177777
177777
177777
177773
106550
064150
064550
044044
022044
022151
155726
064504
042104
022044
022044
022044
022104
111377
177777
177777
177777
177777
177777
177777
177777
177777
177777
177777
177777
177777
177777
177777
177777
177777
177777
177777
177777
177777
177777
177777
177777
177777
177777
177777
177777
177777
177777
177777
177777
177777
177777
177777
177777
177777
177777
177777
177777
177777
177777
177777
177777
177777
177777
177777
177777
177777
177777
177777
131110
044110
064150
044044
022044
022104
111333
131151
044104
042044
022044
022044
022044
044733
177777
177777
177777
177777
177777
177777
177777
177777
177777
177777
177777
177777
177777
177777
177777
177777
177777
177777
177777
177777
177777
177777
177777
177777
177777
177777
177777
177777
177777
177777
177777
177777
177777
177777
177777
177777
177777
177777
177777
177777
177777
177777
177777
177777
177777
177777
177777
177777
177777
177777
155555
044511
044110
044104
022044
022044
042222
177666
066510
042104
042044
022044
022044
042222
177777
177777
177777
177777
177777
177777
177777
177777
177777
177777
177777
177777
177777
177777
177777
177777
177777
177777
177777
177777
177777
177777
177777
177777
177777
177777
177777
177777
177777
177777
177777
177777
177777
177777
177777
177777
177777
177777
177777
177777
177777
177777
177777
177777
177777
177777
177777
177777
177777
177777
177662
044111
044510
044104
022044
022044
022111
155777
153215
044110
042104
042044
022044
022155
177777
177777
177777
177777
177777
177777
177777
177777
177777
177777
177777
177777
177777
177777
177777
177777
177777
177777
177777
177777
177777
177777
177777
177777
177777
177777
177777
177777
177777
177777
177777
177777
177777
177777
177777
177777
177777
177777
177777
177777
177777
177777
177777
177777
177777
177777
177777
177777
177777
177777
177733
066510
044510
044110
042044
022044
022104
131377
177733
106510
044104
042044
022044
022111
155777
177777
177777
177777
177777
177777
177777
177777
177777
177777
177777
177777
177777
177777
177777
177777
177777
177777
177777
177777
177777
177777
177777
177777
177777
177777
177777
177777
177777
177777
177777
177777
177777
177777
177777
177777
177777
177777
177777
177777
177777
177777
177777
177777
177777
177777
177777
177777
177777
177777
177777
131110
044510
044110
044104
022044
022104
111377
177777
155615
044104
042104
022044
022104
131377
177777
177777
177777
177777
177777
177777
177777
177777
177777
177777
177777
177777
177777
177777
177777
177777
177777
177777
177777
177777
177777
177777
177777
177777
177777
177777
177777
177777
177777
177777
177777
177777
177777
177777
177777
177777
177777
177777
177777
177777
177777
177777
177777
177777
177777
177777
177777
177777
177777
177777
155555
044110
044150
064104
042044
022044
106777
177777
177733
066504
042104
042044
022104
106777
177777
177777
177777
177777
177777
177777
177777
177777
177777
177777
177777
177777
177777
177777
177777
177777
177777
177777
177777
177777
177777
177777
177777
177777
177777
177777
177777
177777
177777
177777
177777
177777
177777
177777
177777
177777
177777
177777
177777
177777
177777
177777
177777
177777
177777
177777
177777
177777
177777
177777
177662
064110
044110
064104
042044
022044
106777
177777
177777
153155
042104
042104
022044
044733
177777
177777
177777
177777
177777
177777
177777
177777
177777
177777
177777
177777
177777
177777
177777
177777
177777
177777
177777
177777
177777
177777
177777
177777
177777
177777
177777
177777
177777
177777
177777
177777
177777
177777
177777
177777
177777
177777
177777
177777
177777
177777
177777
177777
177777
177777
177777
177777
177777
177777
177773
066510
044110
044104
022044
022044
106777
177777
177777
177732
066504
042104
022044
042222
177777
177777
177777
177777
177777
177777
177777
177777
177777
177777
177777
177777
177777
177777
177777
177777
177777
177777
177777
177777
177777
177777
177777
177777
177777
177777
177777
177777
177777
177777
177777
177777
177777
177777
177777
177777
177777
177777
177777
177777
177777
177777
177777
177777
177777
177777
177777
177777
177777
177777
177777
133110
044110
042104
022044
022044
107377
177777
177777
177777
131104
042104
042044
022104
107377
177777
177777
177777
177777
177777
177777
177777
177777
177777
177777
177777
177777
177777
177777
177777
177777
177777
177777
177777
177777
177777
177777
177777
177777
177777
177777
177777
177777
177777
177777
177777
177777
177777
177777
177777
177777
177777
177777
177777
177777
177777
177777
177777
177777
177777
177777
177777
177777
177777
177777
175555
044104
042104
022044
022044
111377
177777
177777
177777
111044
042044
022044
022044
042667
177777
177777
177777
177777
177777
177777
177777
177777
177777
177777
177777
177777
177777
177777
177777
177777
177777
177777
177777
177777
177777
177777
177777
177777
177777
177777
177777
177777
177777
177777
177777
177777
177777
177777
177777
177777
177777
177777
177777
177777
177777
177777
177777
177777
177777
177777
177777
177777
177777
177777
177666
064104
042104
022044
022044
111377
177777
177777
177777
111000
022044
022044
022044
042666
177777
177777
177777
177777
177777
177777
177777
177777
177777
177777
177777
177777
177777
177777
177777
177777
177777
177777
177777
177777
177777
177777
177777
177777
177777
177777
177777
177777
177777
177777
177777
177777
177777
177777
177777
177777
177777
177777
177777
177777
177777
177777
177777
177777
177777
177777
177777
177777
177777
177777
177777
106510
042104
022044
022044
111377
177777
177777
177777
067040
022044
022044
022044
042622
177777
177777
177777
177777
177777
177777
177777
177777
177777
177777
177777
177777
177777
177777
177777
177777
177777
177777
177777
177777
177777
177777
177777
177777
177777
177777
177777
177777
177777
177777
177777
177777
177777
177777
177777
177777
177777
177777
177777
177777
177777
177777
177777
177777
177777
177777
177777
177777
177777
177777
177777
153110
042104
022044
022044
106777
177777
177777
155622
044444
022044
022044
022044
022555
155777
177777
177777
177777
177777
177777
177777
177777
177777
177777
177777
177777
177777
177777
177777
177777
177777
177777
177777
177777
177777
177777
177777
177777
177777
177777
177777
177777
177777
177777
177777
177777
177777
177777
177777
177777
177777
177777
177777
177777
177777
177777
177777
177777
177777
177777
177777
177777
177777
177777
177777
133110
022044
022044
022044
044622
155733
133155
044505
042505
022444
022044
022445
022511
111377
177777
177777
177777
177777
177777
177777
177777
177777
177777
177777
177777
177777
177777
177777
177777
177777
177777
177777
177777
177777
177777
177777
177777
177777
177777
177777
177777
177777
177777
177777
177777
177777
177777
177777
177777
177777
177777
177777
177777
177777
177777
177777
177777
177777
177777
177777
177777
177777
177777
177733
064444
022044
022044
022044
022044
044511
042444
022044
022045
022044
022045
022445
022511
066733
177777
177777
177777
177777
177777
177777
177777
177777
177777
177777
177777
177777
177777
177777
177777
177777
177777
177777
177777
177777
177777
177777
177777
177777
177777
177777
177777
177777
177777
177777
177777
177777
177777
177777
177777
177777
177777
177777
177777
177777
177777
177777
177777
177777
177777
177777
177777
177777
177777
177667
044444
022044
022044
022044
022044
022044
022044
022044
022044
022044
022044
022044
022505
044622
177777
177777
177777
177777
177777
177777
177777
177777
177777
177777
177777
177777
177777
177777
177777
177777
177777
177777
177777
177777
177777
177777
177777
177777
177777
177777
177777
177777
177777
177777
177777
177777
177777
177777
177777
177777
177777
177777
177777
177777
177777
177777
177777
177777
177777
177777
177777
177777
177777
155555
044444
022044
022044
022044
022044
022044
022044
022044
022044
022044
022044
022044
022045
042555
175777
177777
177777
177777
177777
177777
177777
177777
177777
177777
177777
177777
177777
177777
177777
177777
177777
177777
177777
177777
177777
177777
177777
177777
177777
177777
177777
177777
177777
177777
177777
177777
177777
177777
177777
177777
177777
177777
177777
177777
177777
177777
177777
177777
177777
177777
177777
177777
177777
111111
042444
022044
022044
022044
022105
022444
022044
022044
022044
022044
022044
022044
022044
022151
155777
177777
177777
177777
177777
177777
177777
177777
177777
177777
177777
177777
177777
177777
177777
177777
177777
177777
177777
177777
177777
177777
177777
177777
177777
177777
177777
177777
177777
177777
177777
177777
177777
177777
177777
177777
177777
177777
177777
177777
177777
177777
177777
177777
177777
177777
177777
177777
155622
044511
042444
022045
022445
022045
042511
042400
000000
022044
022044
022044
022044
022044
022044
044622
177777
177777
177777
177777
177777
177777
177777
177777
177777
177777
177777
177777
177777
177777
177777
177777
177777
177777
177777
177777
177777
177777
177777
177777
177777
177777
177777
177777
177777
177777
177777
177777
177777
177777
177777
177777
177777
177777
177777
177777
177777
177777
177777
177777
177777
177777
177777
155666
066511
044505
042444
022045
042445
022445
042511
044511
066556
111222
111222
111222
111222
111222
111222
133777
177777
177777
177777
177777
177777
177777
177777
177777
177777
177777
177777
177777
177777
177777
177777
177777
177777
177777
177777
177777
177777
177777
177777
177777
177777
177777
177777
177777
177777
177777
177777
177777
177777
177777
177777
177777
177777
177777
177777
177777
177777
177777
177777
177777
177777
177777
155662
066511
044505
042505
042505
022505
042505
022445
042505
044622
177777
177777
177777
177777
177777
177777
177777
177777
177777
177777
177777
177777
177777
177777
177777
177777
177777
177777
177777
177777
177777
177777
177777
177777
177777
177777
177777
177777
177777
177777
177777
177777
177777
177777
177777
177777
177777
177777
177777
177777
177777
177777
177777
177777
177777
177777
177777
177777
177777
177777
177777
177777
177733
133222
064511
044511
042505
042505
042505
042505
042505
022445
022505
044622
177777
177777
177777
177777
177777
177777
177777
177777
177777
177777
177777
177777
177777
177777
177777
177777
177777
177777
177777
177777
177777
177777
177777
177777
177777
177777
177777
177777
177777
177777
177777
177777
177777
177777
177777
177777
177777
177777
177777
177777
177777
177777
177777
177777
177777
177777
177777
177777
177777
177777
177777
177773
133215
064511
044511
042505
042505
042505
042505
042505
022445
022445
022445
022556
177777
177777
177777
177777
177777
177777
177777
177777
177777
177777
177777
177777
177777
177777
177777
177777
177777
177777
177777
177777
177777
177777
177777
177777
177777
177777
177777
177777
177777
177777
177777
177777
177777
177777
177777
177777
177777
177777
177777
177777
177777
177777
177777
177777
177777
177777
177777
177777
177777
177777
177777
155622
064511
044511
044505
042505
042505
042505
042505
042445
022445
022444
022044
022622
177777
177777
177777
177777
177777
177777
177777
177777
177777
177777
177777
177777
177777
177777
177777
177777
177777
177777
177777
177777
177777
177777
177777
177777
177777
177777
177777
177777
177777
177777
177777
177777
177777
177777
177777
177777
177777
177777
177777
177777
177777
177777
177777
177777
177777
177777
177777
177777
177777
177777
177777
131151
044511
044505
042505
042505
042505
042505
042445
022444
022044
022044
022111
111333
177777
177777
177777
177777
177777
177777
177777
177777
177777
177777
177777
177777
177777
177777
177777
177777
177777
177777
177777
177777
177777
177777
177777
177777
177777
177777
177777
177777
177777
177777
177777
177777
177777
177777
177777
177777
177777
177777
177777
177777
177777
177777
177777
177777
177777
177777
177777
177777
177777
177777
177777
107111
044511
042505
042505
042505
042505
022445
022444
022044
022044
044555
111333
177777
177777
177777
177777
177777
177777
177777
177777
177777
177777
177777
177777
177777
177777
177777
177777
177777
177777
177777
177777
177777
177777
177777
177777
177777
177777
177777
177777
177777
177777
177777
177777
177777
177777
177777
177777
177777
177777
177777
177777
177777
177777
177777
177777
177777
177777
177777
177777
177777
177777
177777
177777
107105
042505
042505
042505
022445
022044
022044
022044
022044
044622
133777
177777
177777
177777
177777
177777
177777
177777
177777
177777
177777
177777
177777
177777
177777
177777
177777
177777
177777
177777
177777
177777
177777
177777
177777
177777
177777
177777
177777
177777
177777
177777
177777
177777
177777
177777
177777
177777
177777
177777
177777
177777
177777
177777
177777
177777
177777
177777
177777
177777
177777
177777
177777
177777
155556
044505
022044
022044
022044
022044
022044
022111
066622
155777
177777
177777
177777
177777
177777
177777
177777
177777
177777
177777
177777
177777
177777
177777
177777
177777
177777
177777
177777
177777
177777
177777
177777
177777
177777
177777
177777
177777
177777
177777
177777
177777
177777
177777
177777
177777
177777
177777
177777
177777
177777
177777
177777
177777
177777
177777
177777
177777
177777
177777
177777
177777
177777
177777
177777
133622
066551
044511
042445
022505
044555
111267
177777
177777
177777
177777
177777
177777
177777
177777
177777
177777
177777
177777
177777
177777
177777
177777
177777
177777
177777
177777
177777
177777
177777
177777
177777
177777
177777
177777
177777
177777
177777
177777
177777
177777
177777
177777
177777
177777
177777
177777
177777
177777
177777
177777
177777
177777
177777
177777
177777
177777
177777
177777
177777
177777
177777
177777
177777
177777
177777
155667
133266
133266
155777
177777
177777
177777
177777
177777
177777
177777
177777
177777
177777
177777
177777
177777
177777
177777
177777
177777
177777
177777
177777
177777
177777
177777
177777
177777
177777
177777
177777
177777
177777
177777
177777
177777
177777
177777
177777
177777
177777
177777
177777
177777
177777
177777
177777
177777
177777
177777
177777
177777
177777
177777
177777
177777
177777
177777
177777
177777
177777
177777
177777
177777
177777
177777
177777
177777
177777
177777
177777
177777
177777
177777
177777
177777
177777
177777
177777
177777
177777
177777
177777
177777
177777
177777
177777
177777
177777
177777
177777
177777
177777
177777
177777
177777
177777
177777
177777
177777
177777
177777
177777
177777
177777
177777
177777
177777
177777
177777
177777
177777
177777
177777
177777
177777
177777
177777
177777
177777
177777
177777
177777
177777
177777
177777
177777
177777
177777
177777
177777
177777
177777
177777
177777
177777
177777
177777
177777
177777
177777
177777
177777
177777
177777
177777
177777
177777
177777
177777
177777
177777
177777
177777
177777
177777
177777
177777
177777
177777
177777
177777