000001
000000
000000
012700
074000
012702
037777
012701
134030
112120
077201
000000
377377
377377
377377
377377
377377
377377
377377
377377
377377
377377
377377
377377
377377
377377
377377
377377
377377
377377
377377
377377
377377
377377
377377
377377
377377
377377
377377
377377
377377
377377
377377
377377
377377
377377
377377
377377
377377
377377
377377
377377
377377
377377
377377
377377
377377
377377
377377
377377
377377
377377
377377
377377
377377
377377
377377
377377
377377
377377
377377
377377
377377
377377
377377
377377
377377
377377
377377
377377
377377
377377
377377
377377
377377
377377
377377
377377
377377
377377
377377
377377
377377
377377
377377
377377
377377
377377
377377
377377
377377
377377
377377
377377
377377
377377
377377
377377
377377
377377
377377
377377
377377
377377
377377
377377
377377
377377
377377
377377
377377
377377
377377
377377
377377
377377
377377
377377
377377
377377
377377
377377
377377
377377
377377
377377
377377
377377
377377
377377
377377
377377
377377
377377
377377
377377
377377
377377
377377
377377
377377
377377
377377
377377
377377
377377
377377
377377
377377
377377
377377
377377
377377
377377
377377
377377
377377
377377
377377
377377
377377
377377
377377
377377
377377
377377
377377
377377
377377
377377
377377
377377
377377
377377
377377
377377
377377
377377
377377
377377
377377
377377
377377
377377
377377
377377
377377
377377
377377
377377
377377
377377
377377
377377
377377
377377
377377
377377
377377
377377
377377
377377
377377
377377
377377
377377
377377
377377
377377
377377
377377
377377
377377
377377
377377
377377
377377
377377
377377
377377
377377
377377
377377
377377
377377
377377
377377
377377
377377
377377
377377
377377
377377
377377
377377
377377
377377
377377
377377
377377
377377
377377
377377
377377
377377
377377
377377
377377
377377
377377
377377
377377
377377
377377
377377
377377
377377
377377
377377
377377
377377
377377
377377
377377
377377
377377
377377
377377
377377
377377
377377
377377
377377
377377
377377
377377
377377
377377
377377
377377
377377
377377
377377
377377
377377
377377
377377
377377
377377
377377
377377
377377
377377
377377
377377
377377
377377
377377
377377
377377
377377
377377
377377
377377
377377
377377
377377
377377
377377
377377
377377
377377
377377
377377
377377
377377
377377
377377
377377
377377
377377
377377
377377
377377
377377
377377
377377
377377
377377
377377
377377
377377
377377
377377
377377
377377
377377
377377
377377
377377
377377
377377
377377
377377
377377
377377
377377
377377
377377
377377
377377
377377
377377
377377
377377
377377
377377
377377
377377
377377
377377
377377
377377
377377
377377
377377
377377
377377
377377
377377
377377
377377
377377
377377
377377
377377
377377
377377
377377
377377
377377
377377
377377
377377
377377
377377
377377
377377
377377
377377
377377
377377
377377
377377
377377
377377
377377
377377
377377
377377
377377
377377
377377
377377
377377
377377
377377
377377
377377
377377
377377
377377
377377
377377
377377
377377
377377
377377
377377
377377
377377
377377
372377
377377
377377
377377
377377
377377
377377
377377
377377
377377
377377
377377
377377
377377
377377
377377
377377
377377
377377
377377
377377
377377
377377
377377
377377
377377
377377
377377
377377
377377
377377
377377
377377
377377
377377
377377
377377
377377
377377
377377
377377
377377
377377
377377
377377
377377
377377
377377
377377
377377
377377
377377
377377
377377
377377
377377
377377
377377
377377
377377
377377
377377
377377
377377
261332
377325
377377
377377
377377
377377
377377
377377
377377
377377
377377
377377
377377
377377
377377
377377
377377
377377
377377
377377
377377
377377
377377
377377
377377
377377
377377
377377
377377
377377
377377
377377
377377
377377
377377
377377
377377
377377
377377
377377
377377
377377
377377
377377
377377
377377
377377
377377
377377
377377
377377
377377
377377
377377
377377
377377
377377
377377
376376
331336
336332
377377
377377
377377
215332
372265
377377
377377
377377
377377
377377
377377
377377
377377
377377
377377
377377
377377
377377
377377
377377
377377
377377
377377
377377
377377
377377
377377
377377
377377
377377
377377
377377
377377
377377
377377
377377
377377
377377
377377
377377
377377
377377
377377
377377
377377
377377
377377
377377
377377
377377
377377
377377
377377
377377
377377
377377
377377
377377
377377
377377
375377
331331
331331
331331
272265
377337
377377
221332
332265
377377
377377
377377
377377
377377
377377
377377
377377
377377
377377
377377
377377
377377
377377
377377
377377
377377
377377
377377
377377
377377
377377
377377
377377
377377
377377
377377
377377
377377
377377
377377
377377
377377
377377
377377
377377
377377
377377
377377
377377
377377
377377
377377
377377
377377
377377
377377
377377
377377
377377
377377
377377
377377
377377
376377
331375
331371
331331
265331
225265
332225
377377
261332
332261
377377
377377
377377
377377
377377
377377
377377
377377
377377
377377
377377
377377
377377
377377
377377
377377
377377
377377
377377
377377
377377
377377
377377
377377
377377
377377
377377
377377
377377
377377
377377
377377
377377
377377
377377
377377
377377
377377
377377
377377
377377
377377
377377
377377
377377
377377
377377
377377
377377
377377
377377
377377
377377
377377
375377
371375
331331
265265
265265
221265
221221
377332
221265
377333
377377
377377
377377
377377
377377
377377
377377
377377
377377
377377
377377
377377
377377
377377
377377
377377
377377
377377
377377
377377
377377
377377
377377
377377
377377
377377
377377
377377
377377
377377
377377
377377
377377
377377
377377
377377
377377
377377
377377
377377
377377
377377
377377
377377
377377
377377
377377
377377
377377
377377
377377
377377
377377
377377
375375
331375
155265
155155
265221
265265
221221
265265
333265
377377
377377
377377
377377
377377
377377
377377
377377
377377
377377
377377
377377
377377
377377
377377
377377
377377
377377
377377
377377
377377
377377
377377
377377
377377
377377
377377
377377
377377
377377
377377
377377
377377
377377
377377
377377
377377
377377
377377
377377
377377
377377
377377
377377
377377
377377
377377
377377
377377
377377
377377
377377
377377
377377
376377
375375
221331
111151
155155
221155
265221
265265
221265
377266
377377
377377
377377
377377
377377
377377
377377
377377
377377
377377
377377
377377
377377
377377
377377
377377
377377
377377
377377
377377
377377
377377
377377
377377
377377
377377
377377
377377
377377
377377
377377
377377
377377
377377
377377
377377
377377
377377
377377
377377
377377
377377
377377
377377
377377
377377
377377
377377
377377
377377
377377
377377
377377
377377
375377
331375
155221
221155
221221
221221
221221
265225
155221
377221
377377
377377
377377
377377
377377
377377
377377
377377
377377
377377
377377
377377
377377
377377
377377
377377
377377
377377
377377
377377
377377
377377
377377
377377
377377
377377
377377
377377
377377
377377
377377
377377
377377
377377
377377
377377
377377
377377
377377
377377
377377
377377
377377
377377
377377
377377
377377
377377
377377
377377
377377
377377
377377
377377
371376
265371
155155
221221
221221
221221
221215
265265
155221
266221
377377
377377
377377
377377
377377
377377
377377
377377
377377
377377
377377
377377
377377
377377
377377
377377
377377
377377
377377
377377
377377
377377
377377
377377
377377
377377
377377
377377
377377
377377
377377
377377
377377
377377
377377
377377
377377
377377
377377
377377
377377
377377
377377
377377
377377
377377
377377
377377
377377
377377
377377
377377
377377
376377
331331
265331
155155
221155
215221
221215
265261
265331
221265
221221
377333
377377
377377
377377
377377
377377
377377
377377
377377
377377
377377
377377
377377
377377
377377
377377
377377
377377
377377
377377
377377
377377
377377
377377
377377
377377
377377
377377
377377
377377
377377
377377
377377
377377
377377
377377
377377
377377
377377
377377
377377
377377
377377
377377
377377
377377
377377
377377
377377
377377
377377
377377
377376
265326
221221
261265
155155
261221
104155
265155
331331
265331
221265
221221
377266
377377
377377
377377
377377
377377
377377
377377
377377
377377
377377
377377
377377
377377
377377
377377
377377
377377
377377
377377
377377
377377
377377
377377
377377
377377
377377
377377
377377
377377
377377
377377
377377
377377
377377
377377
377377
377377
377377
377377
377377
377377
377377
377377
377377
377377
377377
377377
377377
377377
377377
372377
261325
151155
155151
265221
155221
262221
155262
331265
325331
265265
221221
221221
333221
377377
377377
377377
377377
377377
377377
377377
377377
377377
377377
377377
377377
377377
377377
377377
377377
377377
377377
377377
377377
377377
377377
377377
377377
377377
377377
377377
377377
377377
377377
377377
377377
377377
377377
377377
377377
377377
377377
377377
377377
377377
377377
377377
377377
377377
377377
377377
377377
377377
377377
372377
221265
155155
155155
331221
265265
265265
331325
325331
265265
261265
221221
221221
265221
377377
377377
377377
377377
377377
377377
377377
377377
377377
377377
377377
377377
377377
377377
377377
377377
377377
377377
377377
377377
377377
377377
377377
377377
377377
377377
377377
377377
377377
377377
377377
377377
377377
377377
377377
377377
377377
377377
377377
377377
377377
377377
377377
377377
377377
377377
377377
377377
377377
377377
377377
261265
221265
215221
331265
331331
325325
331331
221265
221221
221221
221221
221221
221221
377266
377377
377377
377377
377377
377377
377377
377377
377377
377377
377377
377377
377377
377377
377377
377377
377377
377377
377377
377377
377377
377377
377377
377377
377377
377377
377377
377377
377377
377377
377377
377377
377377
377377
377377
377377
377377
377377
377377
377377
377377
377377
377377
377377
377377
377377
377377
377377
377377
377377
377377
377333
261333
261261
331331
265265
221265
221221
155215
155155
215155
221215
221221
161161
266221
377377
377377
377377
377377
377377
377377
377377
377377
377377
377377
377377
377377
377377
377377
377377
377377
377377
377377
377377
377377
377377
377377
377377
377377
377377
377377
377377
377377
377377
377377
377377
377377
377377
377377
377377
377377
377377
377377
377377
377377
377377
377377
377377
377377
377377
377377
377377
377377
377377
377377
377377
332377
331332
265331
155221
155155
215155
215155
215215
215215
215215
221221
155161
221161
377271
377377
267333
222266
262222
333266
377377
377377
377377
377377
377377
377377
377377
377377
377377
377377
377377
377377
377377
377377
377377
377377
377377
377377
377377
377377
377377
377377
377377
377377
377377
377377
377377
377377
377377
377377
377377
377377
377377
377377
377377
377377
377377
377377
377377
377377
377377
377377
377377
377377
377377
331377
331331
261325
110155
155110
265221
261265
261221
261265
221261
221221
155155
265155
265265
156221
044111
044044
044044
111044
333222
377377
377377
377377
377377
377377
377377
377377
377377
377377
377377
377377
377377
377377
377377
377377
377377
377377
377377
377377
377377
377377
377377
377377
377377
377377
377377
377377
377377
377377
377377
377377
377377
377377
377377
377377
377377
377377
377377
377377
377377
377377
377377
377377
377377
331376
265265
215261
150151
265221
265331
221261
261215
265265
261331
155221
155155
265221
155265
105111
044044
111045
155155
111111
111044
377222
377377
377377
377377
377377
377377
377377
377377
377377
377377
377377
377377
377377
377377
377377
377377
377377
377377
377377
377377
377377
377377
377377
377377
377377
377377
377377
377377
377377
377377
377377
377377
377377
377377
377377
377377
377377
377377
377377
377377
377377
377377
377377
377377
261331
155155
155155
265215
325331
221261
221215
265261
265265
265331
155221
155155
265221
111155
044111
111044
333222
377377
266333
111222
156111
377377
377377
377377
377377
377377
377377
377377
377377
377377
377377
377377
377377
377377
377377
377377
377377
377377
377377
377377
377377
377377
377377
377377
377377
377377
377377
377377
377377
377377
377377
377377
377377
377377
377377
377377
377377
377377
377377
377377
377377
377377
377377
377377
155331
221155
261261
331325
221265
221215
265265
265221
265265
261331
155155
155155
155155
111111
045045
333155
377377
377377
333377
267333
111222
377222
377377
377377
377377
377377
377377
377377
377377
377377
377377
377377
377377
377377
377377
377377
377377
377377
377377
377377
377377
377377
377377
377377
377377
377377
377377
377377
377377
377377
377377
377377
377377
377377
377377
377377
377377
377377
377377
377377
377377
377377
377377
377377
154326
371221
371371
265331
261221
265265
221265
265261
265265
221265
155155
111111
105111
105111
155045
377333
377377
377377
333333
327333
266327
266155
377377
377377
377377
377377
377377
377377
377377
377377
377377
377377
377377
377377
377377
377377
377377
377377
377377
377377
377377
377377
377377
377377
377377
377377
377377
377377
377377
377377
377377
377377
377377
377377
377377
377377
377377
377377
377377
377377
377377
377377
377377
377377
221373
325261
326325
325326
265325
261261
221221
261261
265261
155265
111155
111111
105045
044111
327151
377377
377377
373377
333333
333333
333333
266266
377377
377377
377377
377377
377377
377377
377377
377377
377377
377377
377377
377377
377377
377377
377377
377377
377377
377377
377377
377377
377377
377377
377377
377377
377377
377377
377377
377377
377377
377377
377377
377377
377377
377377
377377
377377
377377
377377
377377
377377
377377
377377
332377
261265
326261
265326
221261
221221
221221
221221
265221
155221
110151
111111
111045
111105
377266
377377
377377
373377
333373
333333
333333
267333
377333
377377
377377
377377
377377
377377
377377
377377
377377
377377
377377
377377
377377
377377
377377
377377
377377
377377
377377
377377
377377
377377
377377
377377
377377
377377
377377
377377
377377
377377
377377
377377
377377
377377
377377
377377
377377
377377
377377
377377
377377
377377
377377
331372
265325
261261
221221
221221
221221
221221
221221
155155
110111
111105
111111
216111
377377
377377
377377
373377
377377
333377
327333
266266
377267
377377
377377
377377
377377
377377
377377
377377
377377
377377
377377
377377
377377
377377
377377
377377
377377
377377
377377
377377
377377
377377
377377
377377
377377
377377
377377
377377
377377
377377
377377
377377
377377
377377
377377
377377
377377
377377
377377
377377
377377
377377
377377
331376
265265
261265
221261
221221
221221
221221
221221
111155
044110
151105
111151
266151
377377
373377
377377
373373
373373
333333
266326
266266
266266
377377
377377
377377
377377
377377
377377
377377
377377
377377
377377
377377
377377
377377
377377
377377
377377
377377
377377
377377
377377
377377
377377
377377
377377
377377
377377
377377
377377
377377
377377
377377
377377
377377
377377
377377
377377
377377
377377
377377
377377
377377
377377
331377
265265
265265
265265
265265
261265
221261
155221
110111
105044
151111
111151
377216
377377
333377
377373
333373
333333
333333
333333
333333
333333
377333
377377
377377
377377
377377
377377
377377
377377
377377
377377
377377
377377
377377
377377
377377
377377
377377
377377
377377
377377
377377
377377
377377
377377
377377
377377
377377
377377
377377
377377
377377
377377
377377
377377
377377
377377
377377
377377
377377
377377
377377
377377
332377
325331
331325
331331
331331
265265
221221
155155
044110
111044
111111
151111
377266
377377
333373
373333
333373
333333
333333
333333
377333
333377
333333
377377
377377
377377
377377
377377
377377
377377
377377
377377
377377
377377
377377
377377
377377
377377
377377
377377
377377
377377
377377
377377
377377
377377
377377
377377
377377
377377
377377
377377
377377
377377
377377
377377
377377
377377
377377
377377
377377
377377
377377
377377
377377
331331
331331
371371
325331
221265
155215
110155
044104
111105
111111
155111
377326
377377
333373
373333
333373
333333
333373
333333
377373
333373
333333
377333
377377
377377
377377
377377
377377
377377
377377
377377
377377
377377
377377
377377
377377
377377
377377
377377
377377
377377
377377
377377
377377
377377
377377
377377
377377
377377
377377
377377
377377
377377
377377
377377
377377
377377
377377
377377
377377
377377
377377
377377
377377
331376
375375
331331
261265
155221
155155
110110
111104
151111
111151
155111
377333
373377
333373
377373
333377
373333
373377
333333
373373
377377
377377
377377
377377
377377
377377
377377
377377
377377
377377
377377
377377
377377
377377
377377
377377
377377
377377
377377
377377
377377
377377
377377
377377
377377
377377
377377
377377
377377
377377
377377
377377
377377
377377
377377
377377
377377
377377
377377
377377
377377
377377
377377
377377
375377
331331
265265
215221
155155
111155
110110
111105
111151
111111
215111
373333
333373
333333
377373
373373
373333
377377
373373
377373
377377
377377
377377
377377
333333
377377
377377
377377
377377
377377
377377
377377
377377
377377
377377
377377
377377
377377
377377
377377
377377
377377
377377
377377
377377
377377
377377
377377
377377
377377
377377
377377
377377
377377
377377
377377
377377
377377
377377
377377
377377
377377
377377
377377
377377
265265
215221
155155
151155
155155
111111
111111
111151
111045
222111
373373
333333
332333
333373
373333
377373
373377
377377
377377
377377
377377
377377
373377
333333
333266
377377
377377
377377
377377
377377
377377
377377
377377
377377
377377
377377
377377
377377
377377
377377
377377
377377
377377
377377
377377
377377
377377
377377
377377
377377
377377
377377
377377
377377
377377
377377
377377
377377
377377
377377
377377
377377
377377
377377
221221
155215
155155
155155
155221
105110
111111
111111
105111
222111
333333
332333
326332
332333
377333
377377
373373
377377
377377
377377
377377
377377
333373
333333
266266
333266
377377
377377
377377
377377
377377
377377
377377
377377
377377
377377
377377
377377
377377
377377
377377
377377
377377
377377
377377
377377
377377
377377
377377
377377
377377
377377
377377
377377
377377
377377
377377
377377
377377
377377
377377
377377
377377
333377
155111
155221
221155
265221
111221
111044
111151
111111
044111
222111
333333
326326
266266
326332
373333
373333
377373
377377
377377
377377
377377
377377
377373
333373
266326
262262
377333
377377
377377
377377
377377
377377
377377
377377
377377
377377
377377
377377
377377
377377
377377
377377
377377
377377
377377
377377
377377
377377
377377
377377
377377
377377
377377
377377
377377
377377
377377
377377
377377
377377
377377
377377
377377
266377
221111
221265
265221
261265
045151
111105
111155
111111
044111
222111
326326
266266
266266
332326
332333
333326
377373
377377
377377
377377
377377
377377
377377
333373
266332
222262
377266
377377
377377
377377
377377
377377
377377
377377
377377
377377
377377
377377
377377
377377
377377
377377
377377
377377
377377
377377
377377
377377
377377
377377
377377
377377
377377
377377
377377
377377
377377
377377
377377
377377
377377
377377
377377
155377
221111
265265
331265
155265
105044
151111
105151
105105
105045
215111
266266
262262
262262
326266
326332
373332
377377
377377
377377
377377
377377
377377
373377
333333
266326
216222
333222
377377
377377
377377
377377
377377
377377
377377
377377
377377
377377
377377
377377
377377
377377
377377
377377
377377
377377
377377
377377
377377
377377
377377
377377
377377
377377
377377
377377
377377
377377
377377
377377
377377
377377
377377
377377
111333
266111
331331
265331
111155
111111
111111
105111
111111
105105
215111
266262
222262
222222
326262
326326
373333
373373
377377
377377
377377
377377
377377
377377
333373
262266
215222
333222
377377
377377
377377
377377
377377
377377
377377
377377
377377
377377
377377
377377
377377
377377
377377
377377
377377
377377
377377
377377
377377
377377
377377
377377
377377
377377
377377
377377
377377
377377
377377
377377
377377
377377
377377
377377
044266
266111
331331
215266
111151
111045
111111
111111
105111
105105
215111
262262
222222
215221
266222
326266
373332
332373
377373
377377
377377
377377
377377
377377
333373
262266
155222
327216
377377
377377
377377
377377
377377
377377
377377
377377
377377
377377
377377
377377
377377
377377
377377
377377
377377
377377
377377
377377
377377
377377
377377
377377
377377
377377
377377
377377
377377
377377
377377
377377
377377
377377
377377
377377
044222
333155
266326
111155
111111
111111
111111
111105
044111
105105
215111
222222
221222
215221
222215
266262
332326
332332
377377
377377
377377
377377
377377
373377
326333
262266
155222
267215
377377
377377
377377
377377
377377
377377
377377
377377
377377
377377
377377
377377
377377
377377
377377
377377
377377
377377
377377
377377
377377
377377
377377
377377
377377
377377
377377
377377
377377
377377
377377
377377
377377
377377
377377
377377
045155
373216
155266
111105
105111
105105
111105
111111
105105
105105
215111
221215
215222
215215
155215
262215
326266
332266
377377
377377
377377
377377
377377
333377
266326
262262
155216
327155
377377
377377
377377
377377
377377
377377
377377
377377
377377
377377
377377
377377
377377
377377
377377
377377
377377
377377
377377
377377
377377
377377
377377
377377
377377
377377
377377
377377
377377
377377
377377
377377
377377
377377
377377
377377
045155
266222
105111
111111
045105
111045
111111
105105
045105
105045
155111
215215
215221
215215
155215
155155
262222
333266
377377
377377
373377
373373
373373
326333
262266
222222
155215
333215
377377
377377
377377
377377
377377
377377
377377
377377
377377
377377
377377
377377
377377
377377
377377
377377
377377
377377
377377
377377
377377
377377
377377
377377
377377
377377
377377
377377
377377
377377
377377
377377
377377
377377
377377
377377
045111
155155
111044
111111
105045
111111
111151
105111
045045
105105
155111
215215
215215
215215
155215
155155
155155
373222
377377
373377
373373
333373
333373
266326
222262
215222
155215
333222
377377
377377
377377
377377
377377
377377
377377
377377
377377
377377
377377
377377
377377
377377
377377
377377
377377
377377
377377
377377
377377
377377
377377
377377
377377
377377
377377
377377
377377
377377
377377
377377
377377
377377
377377
333377
045111
111111
111045
105111
111105
111111
111111
111111
105044
105105
155111
215215
215215
215215
155155
155155
111151
377222
377377
373373
373373
333373
326333
222266
215221
155215
215215
377222
377377
377377
377377
377377
377377
377377
377377
377377
377377
377377
377377
377377
377377
377377
377377
377377
377377
377377
377377
377377
377377
377377
377377
377377
377377
377377
377377
377377
377377
377377
377377
377377
377377
377377
377377
333377
105111
111105
111105
111105
111111
111111
111111
111111
044105
105044
111105
215155
215215
155215
155155
155155
155151
377266
373377
373333
373373
332373
266326
221222
215215
155215
215215
377266
377377
377377
377377
377377
377377
377377
377377
377377
377377
377377
377377
377377
377377
377377
377377
377377
377377
377377
377377
377377
377377
377377
377377
377377
377377
377377
377377
377377
377377
377377
377377
377377
377377
377377
377377
326377
105111
111111
111111
111111
111111
111111
111111
105111
044105
105044
111105
155151
155215
155155
155155
155155
222151
373373
373377
333333
373373
326333
262266
222222
215221
155215
222155
377333
377377
377377
377377
377377
377377
377377
377377
377377
377377
377377
377377
377377
377377
377377
377377
377377
377377
377377
377377
377377
377377
377377
377377
377377
377377
377377
377377
377377
377377
377377
377377
377377
377377
377377
377377
266377
111105
105111
111111
111111
111111
111111
111111
105111
045105
105044
111111
151111
155155
155155
155155
155155
266155
373377
373373
373373
332373
266332
262262
221222
215221
155215
266155
377377
377377
377377
377377
377377
377377
377377
377377
377377
377377
377377
377377
377377
377377
377377
377377
377377
377377
377377
377377
377377
377377
377377
377377
377377
377377
377377
377377
377377
377377
377377
377377
377377
377377
377377
377377
222377
155044
105155
111111
111111
111111
111111
111111
111111
111111
105045
111111
111111
111111
155111
155155
155155
333215
377377
377377
373373
332333
266326
262262
221222
215215
155155
333216
377377
377377
377377
377377
377377
377377
377377
377377
377377
377377
377377
377377
377377
377377
377377
377377
377377
377377
377377
377377
377377
377377
377377
377377
377377
377377
377377
377377
377377
377377
377377
377377
377377
377377
377377
377377
155333
222105
045222
111111
111111
111111
111111
111111
111111
111111
105105
111105
111111
111111
111105
151111
155151
377222
377377
377373
333373
326332
266266
222262
215221
215215
155155
377266
377377
377377
377377
377377
377377
377377
377377
377377
377377
377377
377377
377377
377377
377377
377377
377377
377377
377377
377377
377377
377377
377377
377377
377377
377377
377377
377377
377377
377377
377377
377377
377377
377377
377377
377377
377377
155326
266111
045215
111111
111111
111111
111111
111111
111111
111111
111111
105105
111105
111111
111111
111105
155111
377326
373377
373333
332373
326326
262266
221222
215215
215215
222155
377377
377377
377377
377377
377377
377377
377377
377377
377377
377377
377377
377377
377377
377377
377377
377377
377377
377377
377377
377377
377377
377377
377377
377377
377377
377377
377377
377377
377377
377377
377377
377377
377377
377377
377377
377377
373377
111266
326111
105215
111111
111111
111111
111111
111111
105111
111105
111111
111111
111111
111111
111111
111111
215111
377373
373377
332333
332332
326326
262266
215221
155215
155155
327215
377377
377377
377377
377377
377377
377377
377377
377377
377377
377377
377377
377377
377377
377377
377377
377377
377377
377377
377377
377377
377377
377377
377377
377377
377377
377377
377377
377377
377377
377377
377377
377377
377377
377377
377377
377377
333377
111222
373111
215332
155155
151151
155155
111151
111111
111111
104111
111104
111111
111111
111111
111111
111111
266155
377377
373377
332332
332332
266326
222262
215215
155155
155155
377262
377377
377377
377377
377377
377377
377377
377377
377377
377377
377377
377377
377377
377377
377377
377377
377377
377377
377377
377377
377377
377377
377377
377377
377377
377377
377377
377377
377377
377377
377377
377377
377377
377377
377377
377377
377377
332377
111266
377155
333377
326326
266266
266266
215262
151155
151151
151151
111111
111111
111111
111111
111111
111111
333222
377377
333373
333333
332333
266326
221262
155215
155155
222155
377333
377377
377377
377377
377377
377377
377377
377377
377377
377377
377377
377377
377377
377377
377377
377377
377377
377377
377377
377377
377377
377377
377377
377377
377377
377377
377377
377377
377377
377377
377377
377377
377377
377377
377377
377377
377377
331332
155265
377221
377377
377373
373377
332333
332332
262266
222222
222222
215222
155155
155155
151151
111151
155111
333326
377333
373373
333333
332333
262326
215221
155215
155155
267155
377377
377377
377377
377377
377377
377377
377377
377377
377377
377377
377377
377377
377377
377377
377377
377377
377377
377377
377377
377377
377377
377377
377377
377377
377377
377377
377377
377377
377377
377377
377377
377377
377377
377377
377377
377377
332377
331331
221265
377266
377377
377377
377377
333373
333333
332333
326326
266326
222266
222222
222222
155215
155155
266215
332333
373332
333373
332333
326326
222266
215215
155215
155155
377266
377377
377377
377377
377377
377377
377377
377377
377377
377377
377377
377377
377377
377377
377377
377377
377377
377377
377377
377377
377377
377377
377377
377377
377377
377377
377377
377377
377377
377377
377377
377377
377377
377377
377377
377377
377377
265332
265261
221265
377333
377377
377377
377377
373373
333373
333333
333333
266333
222262
266262
222262
155215
155155
266221
333333
333333
332333
326332
266266
215222
215215
155215
262155
377377
377377
377377
377377
377377
377377
377377
377377
377377
377377
377377
377377
377377
377377
377377
377377
377377
377377
377377
377377
377377
377377
377377
377377
377377
377377
377377
377377
377377
377377
377377
377377
377377
377377
377377
377377
331377
265325
261221
266221
377377
377377
377377
373377
373333
333373
373333
333373
222326
222221
266262
215222
155215
265221
332331
332326
333333
326333
266326
222262
215215
215215
155155
333222
377377
377377
377377
377377
377377
377377
377377
377377
377377
377377
377377
377377
377377
377377
377377
377377
377377
377377
377377
377377
377377
377377
377377
377377
377377
377377
377377
377377
377377
377377
377377
377377
377377
377377
377377
377377
325376
331331
261265
377265
377377
377377
377373
373377
373373
333373
373333
332373
215262
262222
262266
215215
221215
331265
331375
326326
333333
326326
266326
221262
215215
215215
215155
377327
377377
377377
377377
377377
377377
377377
377377
377377
377377
377377
377377
377377
377377
377377
377377
377377
377377
377377
377377
377377
377377
377377
377377
377377
377377
377377
377377
377377
377377
377377
377377
377377
377377
377377
377377
377377
325376
265265
261221
377332
377377
377377
373373
377377
373377
333333
373373
266333
222222
266262
222266
215221
331221
331375
331331
326331
333332
266326
262266
221262
215215
155215
266155
377377
377377
377377
377377
377377
377377
377377
377377
377377
377377
377377
377377
377377
377377
377377
377377
377377
377377
377377
377377
377377
377377
377377
377377
377377
377377
377377
377377
377377
377377
377377
377377
377377
377377
377377
377377
377377
325371
221261
221155
377332
377377
377377
377377
377377
333373
373373
333377
262266
262222
266266
222262
221215
371265
331331
331331
331331
326325
266326
222262
215221
215215
155215
373222
377377
377377
377377
377377
377377
377377
377377
377377
377377
377377
377377
377377
377377
377377
377377
377377
377377
377377
377377
377377
377377
377377
377377
377377
377377
377377
377377
377377
377377
377377
377377
377377
377377
377377
377377
377377
377377
325331
261325
265221
377377
377377
377377
377377
377377
333333
333373
326333
222262
262222
262262
215222
215215
331265
331331
331331
331331
265325
266266
221262
215215
215215
155155
377327
377377
377377
377377
377377
377377
377377
377377
377377
377377
377377
377377
377377
377377
377377
377377
377377
377377
377377
377377
377377
377377
377377
377377
377377
377377
377377
377377
377377
377377
377377
377377
377377
377377
377377
377377
377377
377377
265326
261265
332261
377377
377377
377377
377377
373377
333333
326333
222266
222221
262222
222262
215215
215215
375265
331331
331331
331331
265325
261265
215221
215215
155215
262155
377377
377377
377377
377377
377377
377377
377377
377377
377377
377377
377377
377377
377377
377377
377377
377377
377377
377377
377377
377377
377377
377377
377377
377377
377377
377377
377377
377377
377377
377377
377377
377377
377377
377377
377377
377377
377377
377377
265332
215261
266215
377377
377377
377373
377377
333373
333333
266332
215222
222215
262262
222262
215215
221215
331331
331325
331331
265325
265265
221265
215221
215215
155155
333215
377377
377377
377377
377377
377377
377377
377377
377377
377377
377377
377377
377377
377377
377377
377377
377377
377377
377377
377377
377377
377377
377377
377377
377377
377377
377377
377377
377377
377377
377377
377377
377377
377377
377377
377377
377377
377377
377377
331377
221265
266215
377377
377377
377373
377377
326333
332326
266326
221222
222222
262262
221222
215215
221215
265331
331325
265331
265265
265265
221261
155155
222155
262266
377333
377377
377377
377377
377377
377377
377377
377377
377377
377377
377377
377377
377377
377377
377377
377377
377377
377377
377377
377377
377377
377377
377377
377377
377377
377377
377377
377377
377377
377377
377377
377377
377377
377377
377377
377377
377377
377377
377377
332377
221261
266155
373377
373373
377373
373377
266332
326326
262266
222262
222222
221222
215215
155155
151151
265221
331331
265265
265265
265265
221221
150155
333155
377377
377377
377377
377377
377377
377377
377377
377377
377377
377377
377377
377377
377377
377377
377377
377377
377377
377377
377377
377377
377377
377377
377377
377377
377377
377377
377377
377377
377377
377377
377377
377377
377377
377377
377377
377377
377377
377377
377377
377377
377377
221266
262154
373377
332333
373333
333373
266266
266266
262266
262262
221222
155215
151151
104111
044044
221044
265331
265265
265265
261265
215221
151155
377222
377377
377377
377377
377377
377377
377377
377377
377377
377377
377377
377377
377377
377377
377377
377377
377377
377377
377377
377377
377377
377377
377377
377377
377377
377377
377377
377377
377377
377377
377377
377377
377377
377377
377377
377377
377377
377377
377377
377377
377377
377377
333377
266266
377373
332373
332332
266326
222262
262222
262262
221222
155215
111151
044104
044044
044044
155044
265325
265265
265265
221261
155221
155151
377333
377377
377377
377377
377377
377377
377377
377377
377377
377377
377377
377377
377377
377377
377377
377377
377377
377377
377377
377377
377377
377377
377377
377377
377377
377377
377377
377377
377377
377377
377377
377377
377377
377377
377377
377377
377377
377377
377377
377377
377377
377377
377377
333377
373373
373373
326332
262266
221222
222221
221262
155215
104151
044044
044044
044044
044044
151044
261221
265265
261265
221221
155155
222151
377377
377377
377377
377377
377377
377377
377377
377377
377377
377377
377377
377377
377377
377377
377377
377377
377377
377377
377377
377377
377377
377377
377377
377377
377377
377377
377377
377377
377377
377377
377377
377377
377377
377377
377377
377377
377377
377377
377377
377377
377377
377377
377377
377377
332377
333333
266326
262266
221221
215221
151215
104111
104104
044044
044044
105104
111105
111111
155151
265221
221261
155215
110151
266155
377377
377377
377377
377377
377377
377377
377377
377377
377377
377377
377377
377377
377377
377377
377377
377377
377377
377377
377377
377377
377377
377377
377377
377377
377377
377377
377377
377377
377377
377377
377377
377377
377377
377377
377377
377377
377377
377377
377377
377377
377377
377377
377377
377377
326377
332326
266266
221262
215215
151155
104111
044044
044044
105044
155111
155155
216215
155215
111151
261155
155221
151155
111111
377221
377377
377377
377377
377377
377377
377377
377377
377377
377377
377377
377377
377377
377377
377377
377377
377377
377377
377377
377377
377377
377377
377377
377377
377377
377377
377377
377377
377377
377377
377377
377377
377377
377377
377377
377377
377377
377377
377377
377377
377377
377377
377377
377377
377377
333377
266266
221262
155215
151155
104111
044044
044044
155111
222215
266266
222266
222222
155215
155155
155155
111151
111111
155111
377333
377377
377377
377377
377377
377377
377377
377377
377377
377377
377377
377377
377377
377377
377377
377377
377377
377377
377377
377377
377377
377377
377377
377377
377377
377377
377377
377377
377377
377377
377377
377377
377377
377377
377377
377377
377377
377377
377377
377377
377377
377377
377377
377377
377377
377377
221266
155215
111151
104111
044044
111104
216151
333266
333333
266266
262266
222222
215215
215155
151155
111111
111111
266151
377377
377377
377377
377377
377377
377377
377377
377377
377377
377377
377377
377377
377377
377377
377377
377377
377377
377377
377377
377377
377377
377377
377377
377377
377377
377377
377377
377377
377377
377377
377377
377377
377377
377377
377377
377377
377377
377377
377377
377377
377377
377377
377377
377377
377377
377377
266377
111155
104104
044104
111044
262155
373333
333373
326333
266266
222266
222222
215215
215215
155215
155155
155155
327155
377377
377377
377377
377377
377377
377377
377377
377377
377377
377377
377377
377377
377377
377377
377377
377377
377377
377377
377377
377377
377377
377377
377377
377377
377377
377377
377377
377377
377377
377377
377377
377377
377377
377377
377377
377377
377377
377377
377377
377377
377377
377377
377377
377377
377377
377377
377377
044222
044104
105044
266155
377333
333377
333333
266332
266266
262266
215222
215215
215215
215215
155155
155155
327155
377377
377377
377377
377377
377377
377377
377377
377377
377377
377377
377377
377377
377377
377377
377377
377377
377377
377377
377377
377377
377377
377377
377377
377377
377377
377377
377377
377377
377377
377377
377377
377377
377377
377377
377377
377377
377377
377377
377377
377377
377377
377377
377377
377377
377377
377377
377377
155333
044104
222111
377333
377377
333377
333333
266326
266266
262266
222222
215215
215215
215215
155215
155155
327155
377377
377377
377377
377377
377377
377377
377377
377377
377377
377377
377377
377377
377377
377377
377377
377377
377377
377377
377377
377377
377377
377377
377377
377377
377377
377377
377377
377377
377377
377377
377377
377377
377377
377377
377377
377377
377377
377377
377377
377377
377377
377377
377377
377377
377377
377377
377377
333377
155216
373266
377377
377377
333373
333333
266326
266266
222262
222222
222222
215222
215215
155215
155155
327155
377377
377377
377377
377377
377377
377377
377377
377377
377377
377377
377377
377377
377377
377377
377377
377377
377377
377377
377377
377377
377377
377377
377377
377377
377377
377377
377377
377377
377377
377377
377377
377377
377377
377377
377377
377377
377377
377377
377377
377377
377377
377377
377377
377377
377377
377377
377377
377377
333377
377333
377377
373377
333333
333333
326326
262266
222222
222222
222222
222222
222222
215215
155155
333216
377377
377377
377377
377377
377377
377377
377377
377377
377377
377377
377377
377377
377377
377377
377377
377377
377377
377377
377377
377377
377377
377377
377377
377377
377377
377377
377377
377377
377377
377377
377377
377377
377377
377377
377377
377377
377377
377377
377377
377377
377377
377377
377377
377377
377377
377377
377377
377377
377377
377373
373377
373373
333333
333333
266326
222262
222222
222222
222222
222222
222222
215222
215215
333222
377377
377377
377377
377377
377377
377377
377377
377377
377377
377377
377377
377377
377377
377377
377377
377377
377377
377377
377377
377377
377377
377377
377377
377377
377377
377377
377377
377377
377377
377377
377377
377377
377377
377377
377377
377377
377377
377377
377377
377377
377377
377377
377377
377377
377377
377377
377377
377377
373377
377377
373377
373373
333333
326333
266326
222262
222222
222222
222222
222222
222222
222222
215215
333222
377377
377377
377377
377377
377377
377377
377377
377377
377377
377377
377377
377377
377377
377377
377377
377377
377377
377377
377377
377377
377377
377377
377377
377377
377377
377377
377377
377377
377377
377377
377377
377377
377377
377377
377377
377377
377377
377377
377377
377377
377377
377377
377377
377377
377377
377377
377377
377377
377377
377377
377377
333373
326333
326326
262266
222222
215222
222215
222222
222222
222222
222222
222222
333262
377377
377377
377377
377377
377377
377377
377377
377377
377377
377377
377377
377377
377377
377377
377377
377377
377377
377377
377377
377377
377377
377377
377377
377377
377377
377377
377377
377377
377377
377377
377377
377377
377377
377377
377377
377377
377377
377377
377377
377377
377377
377377
377377
377377
377377
377377
377377
377377
377377
377377
377377
332373
326326
266326
222262
222222
222222
222222
215215
155155
155155
333262
377373
377333
377377
377377
377377
377377
377377
377377
377377
377377
377377
377377
377377
377377
377377
377377
377377
377377
377377
377377
377377
377377
377377
377377
377377
377377
377377
377377
377377
377377
377377
377377
377377
377377
377377
377377
377377
377377
377377
377377
377377
377377
377377
377377
377377
377377
377377
377377
377377
377377
377377
377377
377377
333373
326326
266266
222222
222222
215222
155215
111151
111110
262155
377377
377377
377377
377377
377377
377377
377377
377377
377377
377377
377377
377377
377377
377377
377377
377377
377377
377377
377377
377377
377377
377377
377377
377377
377377
377377
377377
377377
377377
377377
377377
377377
377377
377377
377377
377377
377377
377377
377377
377377
377377
377377
377377
377377
377377
377377
377377
377377
377377
377377
377377
377377
377377
373373
333333
266266
262262
215222
215215
151155
104111
044044
266151
377377
377377
377377
377377
377377
377377
377377
377377
377377
377377
377377
377377
377377
377377
377377
377377
377377
377377
377377
377377
377377
377377
377377
377377
377377
377377
377377
377377
377377
377377
377377
377377
377377
377377
377377
377377
377377
377377
377377
377377
377377
377377
377377
377377
377377
377377
377377
377377
377377
377377
377377
377377
373377
266326
266266
262262
222222
215221
151155
111111
044104
044044
111044
377327
377377
377377
377377
377377
377377
377377
377377
377377
377377
377377
377377
377377
377377
377377
377377
377377
377377
377377
377377
377377
377377
377377
377377
377377
377377
377377
377377
377377
377377
377377
377377
377377
377377
377377
377377
377377
377377
377377
377377
377377
377377
377377
377377
377377
377377
377377
377377
377377
377377
377377
377377
377377
261332
151215
155155
151151
151151
110111
044104
044044
044044
044044
155044
377377
377377
377377
377377
377377
377377
377377
377377
377377
377377
377377
377377
377377
377377
377377
377377
377377
377377
377377
377377
377377
377377
377377
377377
377377
377377
377377
377377
377377
377377
377377
377377
377377
377377
377377
377377
377377
377377
377377
377377
377377
377377
377377
377377
377377
377377
377377
377377
377377
377377
377377
377377
377377
150261
151151
111111
150110
104110
044044
044044
044044
044044
044044
155044
377377
377377
377377
377377
377377
377377
377377
377377
377377
377377
377377
377377
377377
377377
377377
377377
377377
377377
377377
377377
377377
377377
377377
377377
377377
377377
377377
377377
377377
377377
377377
377377
377377
377377
377377
377377
377377
377377
377377
377377
377377
377377
377377
377377
377377
377377
377377
377377
377377
377377
377377
377377
377377
151215
151151
111111
110110
044104
044044
044044
044044
044044
044044
111044
377333
377377
377377
377377
377377
377377
377377
377377
377377
377377
377377
377377
377377
377377
377377
377377
377377
377377
377377
377377
377377
377377
377377
377377
377377
377377
377377
377377
377377
377377
377377
377377
377377
377377
377377
377377
377377
377377
377377
377377
377377
377377
377377
377377
377377
377377
377377
377377
377377
377377
377377
377377
333377
151215
111151
110111
110110
044104
044044
044044
044044
044044
044044
044044
327151
377377
377377
377377
377377
377377
377377
377377
377377
377377
377377
377377
377377
377377
377377
377377
377377
377377
377377
377377
377377
377377
377377
377377
377377
377377
377377
377377
377377
377377
377377
377377
377377
377377
377377
377377
377377
377377
377377
377377
377377
377377
377377
377377
377377
377377
377377
377377
377377
377377
377377
377377
326377
151215
111111
150151
104110
044044
044044
104044
104104
044044
044044
044044
104044
333216
377377
377377
377377
377377
377377
377377
377377
377377
377377
377377
377377
377377
377377
377377
377377
377377
377377
377377
377377
377377
377377
377377
377377
377377
377377
377377
377377
377377
377377
377377
377377
377377
377377
377377
377377
377377
377377
377377
377377
377377
377377
377377
377377
377377
377377
377377
377377
377377
377377
377377
332377
150215
150110
150151
044110
044044
111044
155215
104110
044044
044044
044044
044044
155044
377373
377377
377377
377377
377377
377377
377377
377377
377377
377377
377377
377377
377377
377377
377377
377377
377377
377377
377377
377377
377377
377377
377377
377377
377377
377377
377377
377377
377377
377377
377377
377377
377377
377377
377377
377377
377377
377377
377377
377377
377377
377377
377377
377377
377377
377377
377377
377377
377377
377377
373377
150215
150150
150151
044110
044044
151044
326333
104151
104104
044044
044044
044044
104044
377222
377377
377377
377377
377377
377377
377377
377377
377377
377377
377377
377377
377377
377377
377377
377377
377377
377377
377377
377377
377377
377377
377377
377377
377377
377377
377377
377377
377377
377377
377377
377377
377377
377377
377377
377377
377377
377377
377377
377377
377377
377377
377377
377377
377377
377377
377377
377377
377377
377377
377377
110262
110110
150150
044110
044044
104044
333222
151262
104110
044104
044044
044044
044044
333111
377377
377377
377377
377377
377377
377377
377377
377377
377377
377377
377377
377377
377377
377377
377377
377377
377377
377377
377377
377377
377377
377377
377377
377377
377377
377377
377377
377377
377377
377377
377377
377377
377377
377377
377377
377377
377377
377377
377377
377377
377377
377377
377377
377377
377377
377377
377377
377377
377377
377377
155333
111111
110110
104110
044044
044044
222104
266377
110155
104104
044104
044044
044044
222104
377377
377377
377377
377377
377377
377377
377377
377377
377377
377377
377377
377377
377377
377377
377377
377377
377377
377377
377377
377377
377377
377377
377377
377377
377377
377377
377377
377377
377377
377377
377377
377377
377377
377377
377377
377377
377377
377377
377377
377377
377377
377377
377377
377377
377377
377377
377377
377377
377377
377377
262377
111110
110111
104110
044044
044044
111044
377333
215326
110110
104104
044104
044044
155044
377377
377377
377377
377377
377377
377377
377377
377377
377377
377377
377377
377377
377377
377377
377377
377377
377377
377377
377377
377377
377377
377377
377377
377377
377377
377377
377377
377377
377377
377377
377377
377377
377377
377377
377377
377377
377377
377377
377377
377377
377377
377377
377377
377377
377377
377377
377377
377377
377377
377377
333377
110155
110111
110110
044104
044044
104044
377262
333377
110215
104110
044104
044044
111044
377333
377377
377377
377377
377377
377377
377377
377377
377377
377377
377377
377377
377377
377377
377377
377377
377377
377377
377377
377377
377377
377377
377377
377377
377377
377377
377377
377377
377377
377377
377377
377377
377377
377377
377377
377377
377377
377377
377377
377377
377377
377377
377377
377377
377377
377377
377377
377377
377377
377377
377377
110262
110111
110110
104110
044044
104044
377222
377377
215333
104110
104104
044044
104044
377262
377377
377377
377377
377377
377377
377377
377377
377377
377377
377377
377377
377377
377377
377377
377377
377377
377377
377377
377377
377377
377377
377377
377377
377377
377377
377377
377377
377377
377377
377377
377377
377377
377377
377377
377377
377377
377377
377377
377377
377377
377377
377377
377377
377377
377377
377377
377377
377377
377377
377377
155333
110110
150110
104150
044104
044044
377215
377377
333377
104155
104104
044104
104044
377215
377377
377377
377377
377377
377377
377377
377377
377377
377377
377377
377377
377377
377377
377377
377377
377377
377377
377377
377377
377377
377377
377377
377377
377377
377377
377377
377377
377377
377377
377377
377377
377377
377377
377377
377377
377377
377377
377377
377377
377377
377377
377377
377377
377377
377377
377377
377377
377377
377377
377377
262377
110150
110110
104150
044104
044044
377215
377377
377377
155326
104104
104104
044044
333111
377377
377377
377377
377377
377377
377377
377377
377377
377377
377377
377377
377377
377377
377377
377377
377377
377377
377377
377377
377377
377377
377377
377377
377377
377377
377377
377377
377377
377377
377377
377377
377377
377377
377377
377377
377377
377377
377377
377377
377377
377377
377377
377377
377377
377377
377377
377377
377377
377377
377377
373377
110155
110110
104110
044044
044044
377215
377377
377377
332377
104155
104104
044044
222104
377377
377377
377377
377377
377377
377377
377377
377377
377377
377377
377377
377377
377377
377377
377377
377377
377377
377377
377377
377377
377377
377377
377377
377377
377377
377377
377377
377377
377377
377377
377377
377377
377377
377377
377377
377377
377377
377377
377377
377377
377377
377377
377377
377377
377377
377377
377377
377377
377377
377377
377377
110266
110110
104104
044044
044044
377216
377377
377377
377377
104262
104104
044104
104044
377216
377377
377377
377377
377377
377377
377377
377377
377377
377377
377377
377377
377377
377377
377377
377377
377377
377377
377377
377377
377377
377377
377377
377377
377377
377377
377377
377377
377377
377377
377377
377377
377377
377377
377377
377377
377377
377377
377377
377377
377377
377377
377377
377377
377377
377377
377377
377377
377377
377377
377377
155373
104110
104104
044044
044044
377222
377377
377377
377377
044222
044104
044044
044044
267105
377377
377377
377377
377377
377377
377377
377377
377377
377377
377377
377377
377377
377377
377377
377377
377377
377377
377377
377377
377377
377377
377377
377377
377377
377377
377377
377377
377377
377377
377377
377377
377377
377377
377377
377377
377377
377377
377377
377377
377377
377377
377377
377377
377377
377377
377377
377377
377377
377377
377377
266377
104150
104104
044044
044044
377222
377377
377377
377377
000222
044044
044044
044044
266105
377377
377377
377377
377377
377377
377377
377377
377377
377377
377377
377377
377377
377377
377377
377377
377377
377377
377377
377377
377377
377377
377377
377377
377377
377377
377377
377377
377377
377377
377377
377377
377377
377377
377377
377377
377377
377377
377377
377377
377377
377377
377377
377377
377377
377377
377377
377377
377377
377377
377377
377377
110215
104104
044044
044044
377222
377377
377377
377377
040156
044044
044044
044044
222105
377377
377377
377377
377377
377377
377377
377377
377377
377377
377377
377377
377377
377377
377377
377377
377377
377377
377377
377377
377377
377377
377377
377377
377377
377377
377377
377377
377377
377377
377377
377377
377377
377377
377377
377377
377377
377377
377377
377377
377377
377377
377377
377377
377377
377377
377377
377377
377377
377377
377377
377377
110326
104104
044044
044044
377215
377377
377377
222333
044111
044044
044044
044044
155045
377333
377377
377377
377377
377377
377377
377377
377377
377377
377377
377377
377377
377377
377377
377377
377377
377377
377377
377377
377377
377377
377377
377377
377377
377377
377377
377377
377377
377377
377377
377377
377377
377377
377377
377377
377377
377377
377377
377377
377377
377377
377377
377377
377377
377377
377377
377377
377377
377377
377377
377377
110266
044044
044044
044044
222111
333333
155266
105111
105105
044045
044044
045045
111045
377222
377377
377377
377377
377377
377377
377377
377377
377377
377377
377377
377377
377377
377377
377377
377377
377377
377377
377377
377377
377377
377377
377377
377377
377377
377377
377377
377377
377377
377377
377377
377377
377377
377377
377377
377377
377377
377377
377377
377377
377377
377377
377377
377377
377377
377377
377377
377377
377377
377377
333377
044151
044044
044044
044044
044044
111111
044105
044044
045044
044044
045044
045045
111045
333155
377377
377377
377377
377377
377377
377377
377377
377377
377377
377377
377377
377377
377377
377377
377377
377377
377377
377377
377377
377377
377377
377377
377377
377377
377377
377377
377377
377377
377377
377377
377377
377377
377377
377377
377377
377377
377377
377377
377377
377377
377377
377377
377377
377377
377377
377377
377377
377377
377377
267377
044111
044044
044044
044044
044044
044044
044044
044044
044044
044044
044044
044044
105045
222111
377377
377377
377377
377377
377377
377377
377377
377377
377377
377377
377377
377377
377377
377377
377377
377377
377377
377377
377377
377377
377377
377377
377377
377377
377377
377377
377377
377377
377377
377377
377377
377377
377377
377377
377377
377377
377377
377377
377377
377377
377377
377377
377377
377377
377377
377377
377377
377377
377377
155333
044111
044044
044044
044044
044044
044044
044044
044044
044044
044044
044044
044044
045044
155105
377373
377377
377377
377377
377377
377377
377377
377377
377377
377377
377377
377377
377377
377377
377377
377377
377377
377377
377377
377377
377377
377377
377377
377377
377377
377377
377377
377377
377377
377377
377377
377377
377377
377377
377377
377377
377377
377377
377377
377377
377377
377377
377377
377377
377377
377377
377377
377377
377377
111222
044105
044044
044044
044044
105044
044045
044044
044044
044044
044044
044044
044044
044044
151044
377333
377377
377377
377377
377377
377377
377377
377377
377377
377377
377377
377377
377377
377377
377377
377377
377377
377377
377377
377377
377377
377377
377377
377377
377377
377377
377377
377377
377377
377377
377377
377377
377377
377377
377377
377377
377377
377377
377377
377377
377377
377377
377377
377377
377377
377377
377377
377377
222333
111111
044105
045044
045045
045044
111105
000105
000000
044044
044044
044044
044044
044044
044044
222111
377377
377377
377377
377377
377377
377377
377377
377377
377377
377377
377377
377377
377377
377377
377377
377377
377377
377377
377377
377377
377377
377377
377377
377377
377377
377377
377377
377377
377377
377377
377377
377377
377377
377377
377377
377377
377377
377377
377377
377377
377377
377377
377377
377377
377377
377377
377377
266333
111155
105111
044105
045044
045105
045045
111105
111111
156155
222222
222222
222222
222222
222222
222222
377267
377377
377377
377377
377377
377377
377377
377377
377377
377377
377377
377377
377377
377377
377377
377377
377377
377377
377377
377377
377377
377377
377377
377377
377377
377377
377377
377377
377377
377377
377377
377377
377377
377377
377377
377377
377377
377377
377377
377377
377377
377377
377377
377377
377377
377377
377377
262333
111155
105111
105105
105105
105045
105105
045045
105105
222111
377377
377377
377377
377377
377377
377377
377377
377377
377377
377377
377377
377377
377377
377377
377377
377377
377377
377377
377377
377377
377377
377377
377377
377377
377377
377377
377377
377377
377377
377377
377377
377377
377377
377377
377377
377377
377377
377377
377377
377377
377377
377377
377377
377377
377377
377377
377377
377377
377377
377377
377377
377377
333377
222266
111151
111111
105105
105105
105105
105105
105105
045045
105045
222111
377377
377377
377377
377377
377377
377377
377377
377377
377377
377377
377377
377377
377377
377377
377377
377377
377377
377377
377377
377377
377377
377377
377377
377377
377377
377377
377377
377377
377377
377377
377377
377377
377377
377377
377377
377377
377377
377377
377377
377377
377377
377377
377377
377377
377377
377377
377377
377377
377377
377377
377377
373377
215266
111151
111111
105105
105105
105105
105105
105105
045045
045045
045045
156045
377377
377377
377377
377377
377377
377377
377377
377377
377377
377377
377377
377377
377377
377377
377377
377377
377377
377377
377377
377377
377377
377377
377377
377377
377377
377377
377377
377377
377377
377377
377377
377377
377377
377377
377377
377377
377377
377377
377377
377377
377377
377377
377377
377377
377377
377377
377377
377377
377377
377377
377377
222333
111151
111111
105111
105105
105105
105105
105105
045105
045045
044045
044044
222045
377377
377377
377377
377377
377377
377377
377377
377377
377377
377377
377377
377377
377377
377377
377377
377377
377377
377377
377377
377377
377377
377377
377377
377377
377377
377377
377377
377377
377377
377377
377377
377377
377377
377377
377377
377377
377377
377377
377377
377377
377377
377377
377377
377377
377377
377377
377377
377377
377377
377377
377377
151262
111111
105111
105105
105105
105105
105105
045105
044045
044044
044044
111044
333222
377377
377377
377377
377377
377377
377377
377377
377377
377377
377377
377377
377377
377377
377377
377377
377377
377377
377377
377377
377377
377377
377377
377377
377377
377377
377377
377377
377377
377377
377377
377377
377377
377377
377377
377377
377377
377377
377377
377377
377377
377377
377377
377377
377377
377377
377377
377377
377377
377377
377377
377377
111216
111111
105105
105105
105105
105105
045045
044045
044044
044044
155111
333222
377377
377377
377377
377377
377377
377377
377377
377377
377377
377377
377377
377377
377377
377377
377377
377377
377377
377377
377377
377377
377377
377377
377377
377377
377377
377377
377377
377377
377377
377377
377377
377377
377377
377377
377377
377377
377377
377377
377377
377377
377377
377377
377377
377377
377377
377377
377377
377377
377377
377377
377377
377377
105216
105105
105105
105105
045045
044044
044044
044044
044044
222111
377267
377377
377377
377377
377377
377377
377377
377377
377377
377377
377377
377377
377377
377377
377377
377377
377377
377377
377377
377377
377377
377377
377377
377377
377377
377377
377377
377377
377377
377377
377377
377377
377377
377377
377377
377377
377377
377377
377377
377377
377377
377377
377377
377377
377377
377377
377377
377377
377377
377377
377377
377377
377377
377377
156333
105111
044044
044044
044044
044044
044044
111044
222155
377333
377377
377377
377377
377377
377377
377377
377377
377377
377377
377377
377377
377377
377377
377377
377377
377377
377377
377377
377377
377377
377377
377377
377377
377377
377377
377377
377377
377377
377377
377377
377377
377377
377377
377377
377377
377377
377377
377377
377377
377377
377377
377377
377377
377377
377377
377377
377377
377377
377377
377377
377377
377377
377377
377377
377377
222267
151155
111111
045105
105045
155111
267222
377377
377377
377377
377377
377377
377377
377377
377377
377377
377377
377377
377377
377377
377377
377377
377377
377377
377377
377377
377377
377377
377377
377377
377377
377377
377377
377377
377377
377377
377377
377377
377377
377377
377377
377377
377377
377377
377377
377377
377377
377377
377377
377377
377377
377377
377377
377377
377377
377377
377377
377377
377377
377377
377377
377377
377377
377377
377377
377377
267333
266266
266266
377333
377377
377377
377377
377377
377377
377377
377377
377377
377377
377377
377377
377377
377377
377377
377377
377377
377377
377377
377377
377377
377377
377377
377377
377377
377377
377377
377377
377377
377377
377377
377377
377377
377377
377377
377377
377377
377377
377377
377377
377377
377377
377377
377377
377377
377377
377377
377377
377377
377377
377377
377377
377377
377377
377377
377377
377377
377377
377377
377377
377377
377377
377377
377377
377377
377377
377377
377377
377377
377377
377377
377377
377377
377377
377377
377377
377377
377377
377377
377377
377377
377377
377377
377377
377377
377377
377377
377377
377377
377377
377377
377377
377377
377377
377377
377377
377377
377377
377377
377377
377377
377377
377377
377377
377377
377377
377377
377377
377377
377377
377377
377377
377377
377377
377377
377377
377377
377377
377377
377377
377377
377377
377377
377377
377377
377377
377377
377377
377377
377377
377377
377377
377377
377377
377377
377377
377377
377377
377377
377377
377377
377377
377377
377377
377377
377377
377377
377377
377377
377377
377377
377377
377377
377377
377377
377377
377377
377377
377377
377377