000001
000000
000000
012700
074000
012702
037777
012701
134030
112120
077201
000000
177777
177777
177777
177777
177777
177777
177777
177777
177777
177777
177777
177777
177777
177777
177777
177777
177777
177777
177777
177777
177777
177777
177777
177777
177777
177777
177777
177777
177777
177777
177777
177777
177777
177777
177777
177777
177777
177777
177777
177777
177777
177777
177777
177777
177777
177777
177777
177777
177777
177777
177777
177777
177777
177777
177777
177777
177777
177777
177777
177777
177777
177777
177777
177777
177777
177777
177777
177777
177777
177777
177777
177777
177777
177777
177777
177777
177777
177777
177777
177777
177777
177777
177777
177777
177777
177777
177777
177777
177777
177777
177777
177777
177777
177777
177777
177777
177777
177777
177777
177777
177777
177777
177777
177777
177777
177777
177777
177777
177777
177777
177777
177777
177777
177777
177777
177777
177777
177777
177777
177777
177777
177777
177777
177777
177777
177777
177777
177777
177777
177777
177777
177777
177777
177777
177777
177777
177777
177777
177777
177777
177777
177777
177777
177777
177777
177777
177777
177777
177777
177777
177777
177777
177777
177777
177777
177777
177777
177777
177777
177777
177777
177777
177777
177777
177777
177777
177777
177777
177777
177777
177777
177777
177777
177777
177777
177777
177777
177777
177777
177777
177777
177777
177777
177777
177777
177777
177777
177777
177777
177777
177777
177777
177777
177777
177777
177777
177777
177777
177777
177777
177777
177777
177777
177777
177777
177777
177777
177777
177777
177777
177777
177777
177777
177777
177777
177777
177777
177777
177777
177777
177777
177777
177777
177777
177777
177777
177777
177777
177777
177777
177777
177777
177777
177777
177777
177777
177777
177777
177777
177777
177777
177777
177777
177777
177777
177777
177777
177777
177777
177777
177777
177777
177777
177777
177777
177777
177777
177777
177777
177777
177777
177777
177777
177777
177777
177777
177777
177777
177777
177777
177777
177777
177777
177777
177777
177777
177777
177777
177777
177777
177777
177777
177777
177777
177777
177777
177777
177777
177777
177777
177777
177777
177777
177777
177777
177777
177777
177777
177777
177777
177777
177777
177777
177777
177777
177777
177777
177777
177777
177777
177777
177777
177777
177777
177777
177777
177777
177777
177777
177777
177777
177777
177777
177777
177777
177777
177777
177777
177777
177777
177777
177777
177777
177777
177777
177777
177777
177777
177777
177777
177777
177777
177777
177777
177777
177777
177777
177777
177777
177777
177777
177777
177777
177777
177777
177777
177777
177777
177777
177777
177777
177777
177777
177777
177777
177777
177777
177777
177777
177777
177777
177777
177777
177777
177777
177777
177777
177777
177777
177777
177777
177777
177777
177777
177777
177777
177777
177777
177777
177777
177777
177777
177777
177777
177777
177777
177777
177777
177777
177777
177777
177777
177777
177777
177777
177777
177777
177777
177777
177777
177777
177777
177777
177777
177777
177777
177777
177777
177777
177777
175377
177777
177777
177777
177777
177777
177777
177777
177777
177777
177777
177777
177777
177777
177777
177777
177777
177777
177777
177777
177777
177777
177777
177777
177777
177777
177777
177777
177777
177777
177777
177777
177777
177777
177777
177777
177777
177777
177777
177777
177777
177777
177777
177777
177777
177777
177777
177777
177777
177777
177777
177777
177777
177777
177777
177777
177777
177777
177777
177777
177777
177777
177777
177777
130732
177725
177777
177777
177777
177777
177777
177777
177777
177777
177777
177777
177777
177777
177777
177777
177777
177777
177777
177777
177777
177777
177777
177777
177777
177777
177777
177777
177777
177777
177777
177777
177777
177777
177777
177777
177777
177777
177777
177777
177777
177777
177777
177777
177777
177777
177777
177777
177777
177777
177777
177777
177777
177777
177777
177777
177777
177777
177376
154736
157332
177777
177777
177777
106732
175265
177777
177777
177777
177777
177777
177777
177777
177777
177777
177777
177777
177777
177777
177777
177777
177777
177777
177777
177777
177777
177777
177777
177777
177777
177777
177777
177777
177777
177777
177777
177777
177777
177777
177777
177777
177777
177777
177777
177777
177777
177777
177777
177777
177777
177777
177777
177777
177777
177777
177777
177777
177777
177777
177777
177777
176777
154731
154731
154731
135265
177737
177777
110732
155265
177777
177777
177777
177777
177777
177777
177777
177777
177777
177777
177777
177777
177777
177777
177777
177777
177777
177777
177777
177777
177777
177777
177777
177777
177777
177777
177777
177777
177777
177777
177777
177777
177777
177777
177777
177777
177777
177777
177777
177777
177777
177777
177777
177777
177777
177777
177777
177777
177777
177777
177777
177777
177777
177777
177377
154775
154771
154731
132731
112665
155225
177777
130732
155261
177777
177777
177777
177777
177777
177777
177777
177777
177777
177777
177777
177777
177777
177777
177777
177777
177777
177777
177777
177777
177777
177777
177777
177777
177777
177777
177777
177777
177777
177777
177777
177777
177777
177777
177777
177777
177777
177777
177777
177777
177777
177777
177777
177777
177777
177777
177777
177777
177777
177777
177777
177777
177777
177777
176777
174775
154731
132665
132665
110665
110621
177732
110665
177733
177777
177777
177777
177777
177777
177777
177777
177777
177777
177777
177777
177777
177777
177777
177777
177777
177777
177777
177777
177777
177777
177777
177777
177777
177777
177777
177777
177777
177777
177777
177777
177777
177777
177777
177777
177777
177777
177777
177777
177777
177777
177777
177777
177777
177777
177777
177777
177777
177777
177777
177777
177777
177777
177777
176775
154775
066665
066555
132621
132665
110621
132665
155665
177777
177777
177777
177777
177777
177777
177777
177777
177777
177777
177777
177777
177777
177777
177777
177777
177777
177777
177777
177777
177777
177777
177777
177777
177777
177777
177777
177777
177777
177777
177777
177777
177777
177777
177777
177777
177777
177777
177777
177777
177777
177777
177777
177777
177777
177777
177777
177777
177777
177777
177777
177777
177777
177777
177377
176775
110731
044551
066555
110555
132621
132665
110665
177666
177777
177777
177777
177777
177777
177777
177777
177777
177777
177777
177777
177777
177777
177777
177777
177777
177777
177777
177777
177777
177777
177777
177777
177777
177777
177777
177777
177777
177777
177777
177777
177777
177777
177777
177777
177777
177777
177777
177777
177777
177777
177777
177777
177777
177777
177777
177777
177777
177777
177777
177777
177777
177777
177777
176777
154775
066621
110555
110621
110621
110621
132625
066621
177621
177777
177777
177777
177777
177777
177777
177777
177777
177777
177777
177777
177777
177777
177777
177777
177777
177777
177777
177777
177777
177777
177777
177777
177777
177777
177777
177777
177777
177777
177777
177777
177777
177777
177777
177777
177777
177777
177777
177777
177777
177777
177777
177777
177777
177777
177777
177777
177777
177777
177777
177777
177777
177777
177777
174776
132771
066555
110621
110621
110621
110615
132665
066621
133221
177777
177777
177777
177777
177777
177777
177777
177777
177777
177777
177777
177777
177777
177777
177777
177777
177777
177777
177777
177777
177777
177777
177777
177777
177777
177777
177777
177777
177777
177777
177777
177777
177777
177777
177777
177777
177777
177777
177777
177777
177777
177777
177777
177777
177777
177777
177777
177777
177777
177777
177777
177777
177777
177377
154731
132731
066555
110555
106621
110615
132661
132731
110665
110621
177733
177777
177777
177777
177777
177777
177777
177777
177777
177777
177777
177777
177777
177777
177777
177777
177777
177777
177777
177777
177777
177777
177777
177777
177777
177777
177777
177777
177777
177777
177777
177777
177777
177777
177777
177777
177777
177777
177777
177777
177777
177777
177777
177777
177777
177777
177777
177777
177777
177777
177777
177777
177776
132726
110621
130665
066555
130621
042155
132555
154731
132731
110665
110621
177666
177777
177777
177777
177777
177777
177777
177777
177777
177777
177777
177777
177777
177777
177777
177777
177777
177777
177777
177777
177777
177777
177777
177777
177777
177777
177777
177777
177777
177777
177777
177777
177777
177777
177777
177777
177777
177777
177777
177777
177777
177777
177777
177777
177777
177777
177777
177777
177777
177777
177777
175377
130725
064555
066551
132621
066621
131221
066662
154665
152731
132665
110621
110621
155621
177777
177777
177777
177777
177777
177777
177777
177777
177777
177777
177777
177777
177777
177777
177777
177777
177777
177777
177777
177777
177777
177777
177777
177777
177777
177777
177777
177777
177777
177777
177777
177777
177777
177777
177777
177777
177777
177777
177777
177777
177777
177777
177777
177777
177777
177777
177777
177777
177777
177777
175377
110665
066555
066555
154621
132665
132665
154725
152731
132665
130665
110621
110621
132621
177777
177777
177777
177777
177777
177777
177777
177777
177777
177777
177777
177777
177777
177777
177777
177777
177777
177777
177777
177777
177777
177777
177777
177777
177777
177777
177777
177777
177777
177777
177777
177777
177777
177777
177777
177777
177777
177777
177777
177777
177777
177777
177777
177777
177777
177777
177777
177777
177777
177777
177777
130665
110665
106621
154665
154731
152725
154731
110665
110621
110621
110621
110621
110621
177666
177777
177777
177777
177777
177777
177777
177777
177777
177777
177777
177777
177777
177777
177777
177777
177777
177777
177777
177777
177777
177777
177777
177777
177777
177777
177777
177777
177777
177777
177777
177777
177777
177777
177777
177777
177777
177777
177777
177777
177777
177777
177777
177777
177777
177777
177777
177777
177777
177777
177777
177733
130733
130661
154731
132665
110665
110621
066615
066555
106555
110615
110621
070561
133221
177777
177777
177777
177777
177777
177777
177777
177777
177777
177777
177777
177777
177777
177777
177777
177777
177777
177777
177777
177777
177777
177777
177777
177777
177777
177777
177777
177777
177777
177777
177777
177777
177777
177777
177777
177777
177777
177777
177777
177777
177777
177777
177777
177777
177777
177777
177777
177777
177777
177777
177777
155377
154732
132731
066621
066555
106555
106555
106615
106615
106615
110621
066561
110561
177671
177777
133733
111266
131222
155666
177777
177777
177777
177777
177777
177777
177777
177777
177777
177777
177777
177777
177777
177777
177777
177777
177777
177777
177777
177777
177777
177777
177777
177777
177777
177777
177777
177777
177777
177777
177777
177777
177777
177777
177777
177777
177777
177777
177777
177777
177777
177777
177777
177777
177777
154777
154731
130725
044155
066510
132621
130665
130621
130665
110661
110621
066555
132555
132665
067221
022111
022044
022044
044444
155622
177777
177777
177777
177777
177777
177777
177777
177777
177777
177777
177777
177777
177777
177777
177777
177777
177777
177777
177777
177777
177777
177777
177777
177777
177777
177777
177777
177777
177777
177777
177777
177777
177777
177777
177777
177777
177777
177777
177777
177777
177777
177777
177777
177777
154776
132665
106661
064151
132621
132731
110661
130615
132665
130731
066621
066555
132621
066665
042511
022044
044445
066555
044511
044444
177622
177777
177777
177777
177777
177777
177777
177777
177777
177777
177777
177777
177777
177777
177777
177777
177777
177777
177777
177777
177777
177777
177777
177777
177777
177777
177777
177777
177777
177777
177777
177777
177777
177777
177777
177777
177777
177777
177777
177777
177777
177777
177777
177777
130731
066555
066555
132615
152731
110661
110615
132661
132665
132731
066621
066555
132621
044555
022111
044444
155622
177777
133333
044622
067111
177777
177777
177777
177777
177777
177777
177777
177777
177777
177777
177777
177777
177777
177777
177777
177777
177777
177777
177777
177777
177777
177777
177777
177777
177777
177777
177777
177777
177777
177777
177777
177777
177777
177777
177777
177777
177777
177777
177777
177777
177777
177777
177777
066731
110555
130661
154725
110665
110615
132665
132621
132665
130731
066555
066555
066555
044511
022445
155555
177777
177777
155777
133733
044622
177622
177777
177777
177777
177777
177777
177777
177777
177777
177777
177777
177777
177777
177777
177777
177777
177777
177777
177777
177777
177777
177777
177777
177777
177777
177777
177777
177777
177777
177777
177777
177777
177777
177777
177777
177777
177777
177777
177777
177777
177777
177777
177777
066326
174621
174771
132731
130621
132665
110665
132661
132665
110665
066555
044511
042511
042511
066445
177733
177777
177777
155733
153733
133327
133155
177777
177777
177777
177777
177777
177777
177777
177777
177777
177777
177777
177777
177777
177777
177777
177777
177777
177777
177777
177777
177777
177777
177777
177777
177777
177777
177777
177777
177777
177777
177777
177777
177777
177777
177777
177777
177777
177777
177777
177777
177777
177777
110773
152661
153325
152726
132725
130661
110621
130661
132661
066665
044555
044511
042445
022111
153551
177777
177777
175777
155733
155733
155733
133266
177777
177777
177777
177777
177777
177777
177777
177777
177777
177777
177777
177777
177777
177777
177777
177777
177777
177777
177777
177777
177777
177777
177777
177777
177777
177777
177777
177777
177777
177777
177777
177777
177777
177777
177777
177777
177777
177777
177777
177777
177777
177777
155377
130665
153261
132726
110661
110621
110621
110621
132621
066621
044151
044511
044445
044505
177666
177777
177777
175777
155773
155733
155733
133733
177733
177777
177777
177777
177777
177777
177777
177777
177777
177777
177777
177777
177777
177777
177777
177777
177777
177777
177777
177777
177777
177777
177777
177777
177777
177777
177777
177777
177777
177777
177777
177777
177777
177777
177777
177777
177777
177777
177777
177777
177777
177777
177777
154772
132725
130661
110621
110621
110621
110621
110621
066555
044111
044505
044511
107111
177777
177777
177777
175777
177777
155777
153733
133266
177667
177777
177777
177777
177777
177777
177777
177777
177777
177777
177777
177777
177777
177777
177777
177777
177777
177777
177777
177777
177777
177777
177777
177777
177777
177777
177777
177777
177777
177777
177777
177777
177777
177777
177777
177777
177777
177777
177777
177777
177777
177777
177777
154776
132665
130665
110661
110621
110621
110621
110621
044555
022110
064505
044551
133151
177777
175777
177777
175773
175773
155733
133326
133266
133266
177777
177777
177777
177777
177777
177777
177777
177777
177777
177777
177777
177777
177777
177777
177777
177777
177777
177777
177777
177777
177777
177777
177777
177777
177777
177777
177777
177777
177777
177777
177777
177777
177777
177777
177777
177777
177777
177777
177777
177777
177777
177777
154777
132665
132665
132665
132665
130665
110661
066621
044111
042444
064511
044551
177616
177777
155777
177773
155773
155733
155733
155733
155733
155733
177733
177777
177777
177777
177777
177777
177777
177777
177777
177777
177777
177777
177777
177777
177777
177777
177777
177777
177777
177777
177777
177777
177777
177777
177777
177777
177777
177777
177777
177777
177777
177777
177777
177777
177777
177777
177777
177777
177777
177777
177777
177777
155377
152731
154725
154731
154731
132665
110621
066555
022110
044444
044511
064511
177666
177777
155773
175733
155773
155733
155733
155733
177733
155777
155733
177777
177777
177777
177777
177777
177777
177777
177777
177777
177777
177777
177777
177777
177777
177777
177777
177777
177777
177777
177777
177777
177777
177777
177777
177777
177777
177777
177777
177777
177777
177777
177777
177777
177777
177777
177777
177777
177777
177777
177777
177777
177777
154731
154731
174771
152731
110665
066615
044155
022104
044505
044511
066511
177726
177777
155773
175733
155773
155733
155773
155733
177773
155773
155733
177733
177777
177777
177777
177777
177777
177777
177777
177777
177777
177777
177777
177777
177777
177777
177777
177777
177777
177777
177777
177777
177777
177777
177777
177777
177777
177777
177777
177777
177777
177777
177777
177777
177777
177777
177777
177777
177777
177777
177777
177777
177777
154776
176775
154731
130665
066621
066555
044110
044504
064511
044551
066511
177733
175777
155773
177773
155777
175733
175777
155733
175773
177777
177777
177777
177777
177777
177777
177777
177777
177777
177777
177777
177777
177777
177777
177777
177777
177777
177777
177777
177777
177777
177777
177777
177777
177777
177777
177777
177777
177777
177777
177777
177777
177777
177777
177777
177777
177777
177777
177777
177777
177777
177777
177777
177777
176777
154731
132665
106621
066555
044555
044110
044505
044551
044511
106511
175733
155773
155733
177773
175773
175733
177777
175773
177773
177777
177777
177777
177777
155733
177777
177777
177777
177777
177777
177777
177777
177777
177777
177777
177777
177777
177777
177777
177777
177777
177777
177777
177777
177777
177777
177777
177777
177777
177777
177777
177777
177777
177777
177777
177777
177777
177777
177777
177777
177777
177777
177777
177777
177777
132665
106621
066555
064555
066555
044511
044511
044551
044445
111111
175773
155733
155333
155773
175733
177773
175777
177777
177777
177777
177777
177777
175777
155733
155666
177777
177777
177777
177777
177777
177777
177777
177777
177777
177777
177777
177777
177777
177777
177777
177777
177777
177777
177777
177777
177777
177777
177777
177777
177777
177777
177777
177777
177777
177777
177777
177777
177777
177777
177777
177777
177777
177777
177777
110621
066615
066555
066555
066621
042510
044511
044511
042511
111111
155733
155333
153332
155333
177733
177777
175773
177777
177777
177777
177777
177777
155773
155733
133266
155666
177777
177777
177777
177777
177777
177777
177777
177777
177777
177777
177777
177777
177777
177777
177777
177777
177777
177777
177777
177777
177777
177777
177777
177777
177777
177777
177777
177777
177777
177777
177777
177777
177777
177777
177777
177777
177777
155777
066511
066621
110555
132621
044621
044444
044551
044511
022111
111111
155733
153326
133266
153332
175733
175733
177773
177777
177777
177777
177777
177777
177773
155773
133326
131262
177733
177777
177777
177777
177777
177777
177777
177777
177777
177777
177777
177777
177777
177777
177777
177777
177777
177777
177777
177777
177777
177777
177777
177777
177777
177777
177777
177777
177777
177777
177777
177777
177777
177777
177777
177777
177777
133377
110511
110665
132621
130665
022551
044505
044555
044511
022111
111111
153326
133266
133266
155326
155333
155726
177773
177777
177777
177777
177777
177777
177777
155773
133332
111262
177666
177777
177777
177777
177777
177777
177777
177777
177777
177777
177777
177777
177777
177777
177777
177777
177777
177777
177777
177777
177777
177777
177777
177777
177777
177777
177777
177777
177777
177777
177777
177777
177777
177777
177777
177777
177777
066777
110511
132665
154665
066665
042444
064511
042551
042505
042445
106511
133266
131262
131262
153266
153332
175732
177777
177777
177777
177777
177777
177777
175777
155733
133326
107222
155622
177777
177777
177777
177777
177777
177777
177777
177777
177777
177777
177777
177777
177777
177777
177777
177777
177777
177777
177777
177777
177777
177777
177777
177777
177777
177777
177777
177777
177777
177777
177777
177777
177777
177777
177777
177777
044733
133111
154731
132731
044555
044511
044511
042511
044511
042505
106511
133262
111262
111222
153262
153326
175733
175773
177777
177777
177777
177777
177777
177777
155773
131266
106622
155622
177777
177777
177777
177777
177777
177777
177777
177777
177777
177777
177777
177777
177777
177777
177777
177777
177777
177777
177777
177777
177777
177777
177777
177777
177777
177777
177777
177777
177777
177777
177777
177777
177777
177777
177777
177777
022266
133111
154731
106666
044551
044445
044511
044511
042511
042505
106511
131262
111222
106621
133222
153266
175732
155373
177773
177777
177777
177777
177777
177777
155773
131266
066622
153616
177777
177777
177777
177777
177777
177777
177777
177777
177777
177777
177777
177777
177777
177777
177777
177777
177777
177777
177777
177777
177777
177777
177777
177777
177777
177777
177777
177777
177777
177777
177777
177777
177777
177777
177777
177777
022222
155555
133326
044555
044511
044511
044511
044505
022111
042505
106511
111222
110622
106621
111215
133262
155326
155332
177777
177777
177777
177777
177777
175777
153333
131266
066622
133615
177777
177777
177777
177777
177777
177777
177777
177777
177777
177777
177777
177777
177777
177777
177777
177777
177777
177777
177777
177777
177777
177777
177777
177777
177777
177777
177777
177777
177777
177777
177777
177777
177777
177777
177777
177777
022555
175616
066666
044505
042511
042505
044505
044511
042505
042505
106511
110615
106622
106615
066615
131215
153266
155266
177777
177777
177777
177777
177777
155777
133326
131262
066616
153555
177777
177777
177777
177777
177777
177777
177777
177777
177777
177777
177777
177777
177777
177777
177777
177777
177777
177777
177777
177777
177777
177777
177777
177777
177777
177777
177777
177777
177777
177777
177777
177777
177777
177777
177777
177777
022555
133222
042511
044511
022505
044445
044511
042505
022505
042445
066511
106615
106621
106615
066615
066555
131222
155666
177777
177777
175777
175773
175773
153333
131266
111222
066615
155615
177777
177777
177777
177777
177777
177777
177777
177777
177777
177777
177777
177777
177777
177777
177777
177777
177777
177777
177777
177777
177777
177777
177777
177777
177777
177777
177777
177777
177777
177777
177777
177777
177777
177777
177777
177777
022511
066555
044444
044511
042445
044511
044551
042511
022445
042505
066511
106615
106615
106615
066615
066555
066555
175622
177777
175777
175773
155773
155773
133326
111262
106622
066615
155622
177777
177777
177777
177777
177777
177777
177777
177777
177777
177777
177777
177777
177777
177777
177777
177777
177777
177777
177777
177777
177777
177777
177777
177777
177777
177777
177777
177777
177777
177777
177777
177777
177777
177777
177777
155777
022511
044511
044445
042511
044505
044511
044511
044511
042444
042505
066511
106615
106615
106615
066555
066555
044551
177622
177777
175773
175773
155773
153333
111266
106621
066615
106615
177622
177777
177777
177777
177777
177777
177777
177777
177777
177777
177777
177777
177777
177777
177777
177777
177777
177777
177777
177777
177777
177777
177777
177777
177777
177777
177777
177777
177777
177777
177777
177777
177777
177777
177777
177777
155777
042511
044505
044505
044505
044511
044511
044511
044511
022105
042444
044505
106555
106615
066615
066555
066555
066551
177666
175777
175733
175773
155373
133326
110622
106615
066615
106615
177666
177777
177777
177777
177777
177777
177777
177777
177777
177777
177777
177777
177777
177777
177777
177777
177777
177777
177777
177777
177777
177777
177777
177777
177777
177777
177777
177777
177777
177777
177777
177777
177777
177777
177777
177777
153377
042511
044511
044511
044511
044511
044511
044511
042511
022105
042444
044505
066551
066615
066555
066555
066555
111151
175773
175777
155733
175773
153333
131266
111222
106621
066615
111155
177733
177777
177777
177777
177777
177777
177777
177777
177777
177777
177777
177777
177777
177777
177777
177777
177777
177777
177777
177777
177777
177777
177777
177777
177777
177777
177777
177777
177777
177777
177777
177777
177777
177777
177777
177777
133377
044505
042511
044511
044511
044511
044511
044511
042511
022505
042444
044511
064511
066555
066555
066555
066555
133155
175777
175773
175773
155373
133332
131262
110622
106621
066615
133155
177777
177777
177777
177777
177777
177777
177777
177777
177777
177777
177777
177777
177777
177777
177777
177777
177777
177777
177777
177777
177777
177777
177777
177777
177777
177777
177777
177777
177777
177777
177777
177777
177777
177777
177777
177777
111377
066444
042555
044511
044511
044511
044511
044511
044511
044511
042445
044511
044511
044511
066511
066555
066555
155615
177777
177777
175773
155333
133326
131262
110622
106615
066555
155616
177777
177777
177777
177777
177777
177777
177777
177777
177777
177777
177777
177777
177777
177777
177777
177777
177777
177777
177777
177777
177777
177777
177777
177777
177777
177777
177777
177777
177777
177777
177777
177777
177777
177777
177777
177777
066733
111105
022622
044511
044511
044511
044511
044511
044511
044511
042505
044505
044511
044511
044505
064511
066551
177622
177777
177773
155773
153332
133266
111262
106621
106615
066555
177666
177777
177777
177777
177777
177777
177777
177777
177777
177777
177777
177777
177777
177777
177777
177777
177777
177777
177777
177777
177777
177777
177777
177777
177777
177777
177777
177777
177777
177777
177777
177777
177777
177777
177777
177777
177777
066726
133111
022615
044511
044511
044511
044511
044511
044511
044511
044511
042505
044505
044511
044511
044505
066511
177726
175777
175733
155373
153326
131266
110622
106615
106615
111155
177777
177777
177777
177777
177777
177777
177777
177777
177777
177777
177777
177777
177777
177777
177777
177777
177777
177777
177777
177777
177777
177777
177777
177777
177777
177777
177777
177777
177777
177777
177777
177777
177777
177777
177777
177777
175777
044666
153111
042615
044511
044511
044511
044511
044511
042511
044505
044511
044511
044511
044511
044511
044511
106511
177773
175777
155333
155332
153326
131266
106621
066615
066555
153615
177777
177777
177777
177777
177777
177777
177777
177777
177777
177777
177777
177777
177777
177777
177777
177777
177777
177777
177777
177777
177777
177777
177777
177777
177777
177777
177777
177777
177777
177777
177777
177777
177777
177777
177777
177777
155777
044622
175511
106732
066555
064551
066555
044551
044511
044511
042111
044504
044511
044511
044511
044511
044511
133155
177777
175777
155332
155332
133326
111262
106615
066555
066555
177662
177777
177777
177777
177777
177777
177777
177777
177777
177777
177777
177777
177777
177777
177777
177777
177777
177777
177777
177777
177777
177777
177777
177777
177777
177777
177777
177777
177777
177777
177777
177777
177777
177777
177777
177777
177777
155377
044666
177555
155777
153326
133266
133266
106662
064555
064551
064551
044511
044511
044511
044511
044511
044511
155622
177777
155773
155733
155333
133326
110662
066615
066555
111155
177733
177777
177777
177777
177777
177777
177777
177777
177777
177777
177777
177777
177777
177777
177777
177777
177777
177777
177777
177777
177777
177777
177777
177777
177777
177777
177777
177777
177777
177777
177777
177777
177777
177777
177777
177777
177777
154732
066665
177621
177777
177773
175777
155333
155332
131266
111222
111222
106622
066555
066555
064551
044551
066511
155726
177733
175773
155733
155333
131326
106621
066615
066555
133555
177777
177777
177777
177777
177777
177777
177777
177777
177777
177777
177777
177777
177777
177777
177777
177777
177777
177777
177777
177777
177777
177777
177777
177777
177777
177777
177777
177777
177777
177777
177777
177777
177777
177777
177777
177777
155377
154731
110665
177666
177777
177777
177777
155773
155733
155333
153326
133326
111266
111222
111222
066615
066555
133215
155333
175732
155773
155333
153326
111266
106615
066615
066555
177666
177777
177777
177777
177777
177777
177777
177777
177777
177777
177777
177777
177777
177777
177777
177777
177777
177777
177777
177777
177777
177777
177777
177777
177777
177777
177777
177777
177777
177777
177777
177777
177777
177777
177777
177777
177777
132732
132661
110665
177733
177777
177777
177777
175773
155773
155733
155733
133333
111262
133262
111262
066615
066555
133221
155733
155733
155333
153332
133266
106622
106615
066615
131155
177777
177777
177777
177777
177777
177777
177777
177777
177777
177777
177777
177777
177777
177777
177777
177777
177777
177777
177777
177777
177777
177777
177777
177777
177777
177777
177777
177777
177777
177777
177777
177777
177777
177777
177777
177777
154777
132725
130621
133221
177777
177777
177777
175777
175733
155773
175733
155773
111326
111221
133262
106622
066615
132621
155331
155326
155733
153333
133326
111262
106615
106615
066555
155622
177777
177777
177777
177777
177777
177777
177777
177777
177777
177777
177777
177777
177777
177777
177777
177777
177777
177777
177777
177777
177777
177777
177777
177777
177777
177777
177777
177777
177777
177777
177777
177777
177777
177777
177777
177777
152776
154731
130665
177665
177777
177777
177773
175777
175773
155773
175733
155373
106662
131222
131266
106615
110615
154665
154775
153326
155733
153326
133326
110662
106615
106615
106555
177727
177777
177777
177777
177777
177777
177777
177777
177777
177777
177777
177777
177777
177777
177777
177777
177777
177777
177777
177777
177777
177777
177777
177777
177777
177777
177777
177777
177777
177777
177777
177777
177777
177777
177777
177777
177777
152776
132665
130621
177732
177777
177777
175773
177777
175777
155733
175773
133333
111222
133262
111266
106621
154621
154775
154731
153331
155732
133326
131266
110662
106615
066615
133155
177777
177777
177777
177777
177777
177777
177777
177777
177777
177777
177777
177777
177777
177777
177777
177777
177777
177777
177777
177777
177777
177777
177777
177777
177777
177777
177777
177777
177777
177777
177777
177777
177777
177777
177777
177777
177777
152771
110661
110555
177732
177777
177777
177777
177777
155773
175773
155777
131266
131222
133266
111262
110615
174665
154731
154731
154731
153325
133326
111262
106621
106615
066615
175622
177777
177777
177777
177777
177777
177777
177777
177777
177777
177777
177777
177777
177777
177777
177777
177777
177777
177777
177777
177777
177777
177777
177777
177777
177777
177777
177777
177777
177777
177777
177777
177777
177777
177777
177777
177777
177777
152731
130725
132621
177777
177777
177777
177777
177777
155733
155773
153333
111262
131222
131262
106622
106615
154665
154731
154731
154731
132725
133266
110662
106615
106615
066555
177727
177777
177777
177777
177777
177777
177777
177777
177777
177777
177777
177777
177777
177777
177777
177777
177777
177777
177777
177777
177777
177777
177777
177777
177777
177777
177777
177777
177777
177777
177777
177777
177777
177777
177777
177777
177777
177777
132726
130665
155261
177777
177777
177777
177777
175777
155733
153333
111266
111221
131222
111262
106615
106615
176665
154731
154731
154731
132725
130665
106621
106615
066615
131155
177777
177777
177777
177777
177777
177777
177777
177777
177777
177777
177777
177777
177777
177777
177777
177777
177777
177777
177777
177777
177777
177777
177777
177777
177777
177777
177777
177777
177777
177777
177777
177777
177777
177777
177777
177777
177777
177777
132732
106661
133215
177777
177777
177773
177777
155773
155733
133332
106622
111215
131262
111262
106615
110615
154731
154725
154731
132725
132665
110665
106621
106615
066555
155615
177777
177777
177777
177777
177777
177777
177777
177777
177777
177777
177777
177777
177777
177777
177777
177777
177777
177777
177777
177777
177777
177777
177777
177777
177777
177777
177777
177777
177777
177777
177777
177777
177777
177777
177777
177777
177777
177777
154777
110665
133215
177777
177777
177773
177777
153333
155326
133326
110622
111222
131262
110622
106615
110615
132731
154725
132731
132665
132665
110661
066555
111155
131266
177733
177777
177777
177777
177777
177777
177777
177777
177777
177777
177777
177777
177777
177777
177777
177777
177777
177777
177777
177777
177777
177777
177777
177777
177777
177777
177777
177777
177777
177777
177777
177777
177777
177777
177777
177777
177777
177777
177777
155377
110661
133155
175777
175773
177773
175777
133332
153326
131266
111262
111222
110622
106615
066555
064551
132621
154731
132665
132665
132665
110621
064155
155555
177777
177777
177777
177777
177777
177777
177777
177777
177777
177777
177777
177777
177777
177777
177777
177777
177777
177777
177777
177777
177777
177777
177777
177777
177777
177777
177777
177777
177777
177777
177777
177777
177777
177777
177777
177777
177777
177777
177777
177777
177777
110666
131154
175777
155333
175733
155773
133266
133266
131266
131262
110622
066615
064551
042111
022044
110444
132731
132665
132665
130665
106621
064555
177622
177777
177777
177777
177777
177777
177777
177777
177777
177777
177777
177777
177777
177777
177777
177777
177777
177777
177777
177777
177777
177777
177777
177777
177777
177777
177777
177777
177777
177777
177777
177777
177777
177777
177777
177777
177777
177777
177777
177777
177777
177777
155777
133266
177773
155373
155332
133326
111262
131222
131262
110622
066615
044551
022104
022044
022044
066444
132725
132665
132665
110661
066621
066551
177733
177777
177777
177777
177777
177777
177777
177777
177777
177777
177777
177777
177777
177777
177777
177777
177777
177777
177777
177777
177777
177777
177777
177777
177777
177777
177777
177777
177777
177777
177777
177777
177777
177777
177777
177777
177777
177777
177777
177777
177777
177777
177777
155777
175773
175773
153332
131266
110622
111221
110662
066615
042151
022044
022044
022044
022044
064444
130621
132665
130665
110621
066555
111151
177777
177777
177777
177777
177777
177777
177777
177777
177777
177777
177777
177777
177777
177777
177777
177777
177777
177777
177777
177777
177777
177777
177777
177777
177777
177777
177777
177777
177777
177777
177777
177777
177777
177777
177777
177777
177777
177777
177777
177777
177777
177777
177777
177777
155377
155733
133326
131266
110621
106621
064615
042111
042104
022044
022044
042504
044505
044511
066551
132621
110661
066615
044151
133155
177777
177777
177777
177777
177777
177777
177777
177777
177777
177777
177777
177777
177777
177777
177777
177777
177777
177777
177777
177777
177777
177777
177777
177777
177777
177777
177777
177777
177777
177777
177777
177777
177777
177777
177777
177777
177777
177777
177777
177777
177777
177777
177777
177777
153377
155326
133266
110662
106615
064555
042111
022044
022044
042444
066511
066555
107215
066615
044551
130555
066621
064555
044511
177621
177777
177777
177777
177777
177777
177777
177777
177777
177777
177777
177777
177777
177777
177777
177777
177777
177777
177777
177777
177777
177777
177777
177777
177777
177777
177777
177777
177777
177777
177777
177777
177777
177777
177777
177777
177777
177777
177777
177777
177777
177777
177777
177777
177777
155777
133266
110662
066615
064555
042111
022044
022044
066511
111215
133266
111266
111222
066615
066555
066555
044551
044511
066511
177733
177777
177777
177777
177777
177777
177777
177777
177777
177777
177777
177777
177777
177777
177777
177777
177777
177777
177777
177777
177777
177777
177777
177777
177777
177777
177777
177777
177777
177777
177777
177777
177777
177777
177777
177777
177777
177777
177777
177777
177777
177777
177777
177777
177777
177777
110666
066615
044551
042111
022044
044504
107151
155666
155733
133266
131266
111222
106615
106555
064555
044511
044511
133151
177777
177777
177777
177777
177777
177777
177777
177777
177777
177777
177777
177777
177777
177777
177777
177777
177777
177777
177777
177777
177777
177777
177777
177777
177777
177777
177777
177777
177777
177777
177777
177777
177777
177777
177777
177777
177777
177777
177777
177777
177777
177777
177777
177777
177777
177777
133377
044555
042104
022104
044444
131155
175733
155773
153333
133266
111266
111222
106615
106615
066615
066555
066555
153555
177777
177777
177777
177777
177777
177777
177777
177777
177777
177777
177777
177777
177777
177777
177777
177777
177777
177777
177777
177777
177777
177777
177777
177777
177777
177777
177777
177777
177777
177777
177777
177777
177777
177777
177777
177777
177777
177777
177777
177777
177777
177777
177777
177777
177777
177777
177777
022222
022104
042444
133155
177733
155777
155733
133332
133266
131266
106622
106615
106615
106615
066555
066555
153555
177777
177777
177777
177777
177777
177777
177777
177777
177777
177777
177777
177777
177777
177777
177777
177777
177777
177777
177777
177777
177777
177777
177777
177777
177777
177777
177777
177777
177777
177777
177777
177777
177777
177777
177777
177777
177777
177777
177777
177777
177777
177777
177777
177777
177777
177777
177777
066733
022104
111111
177733
177777
155777
155733
133326
133266
131266
111222
106615
106615
106615
066615
066555
153555
177777
177777
177777
177777
177777
177777
177777
177777
177777
177777
177777
177777
177777
177777
177777
177777
177777
177777
177777
177777
177777
177777
177777
177777
177777
177777
177777
177777
177777
177777
177777
177777
177777
177777
177777
177777
177777
177777
177777
177777
177777
177777
177777
177777
177777
177777
177777
155777
066616
175666
177777
177777
155773
155733
133326
133266
111262
111222
111222
106622
106615
066615
066555
153555
177777
177777
177777
177777
177777
177777
177777
177777
177777
177777
177777
177777
177777
177777
177777
177777
177777
177777
177777
177777
177777
177777
177777
177777
177777
177777
177777
177777
177777
177777
177777
177777
177777
177777
177777
177777
177777
177777
177777
177777
177777
177777
177777
177777
177777
177777
177777
177777
155777
177733
177777
175777
155733
155733
153326
131266
111222
111222
111222
111222
111222
106615
066555
155616
177777
177777
177777
177777
177777
177777
177777
177777
177777
177777
177777
177777
177777
177777
177777
177777
177777
177777
177777
177777
177777
177777
177777
177777
177777
177777
177777
177777
177777
177777
177777
177777
177777
177777
177777
177777
177777
177777
177777
177777
177777
177777
177777
177777
177777
177777
177777
177777
177777
177773
175777
175773
155733
155733
133326
111262
111222
111222
111222
111222
111222
106622
106615
155622
177777
177777
177777
177777
177777
177777
177777
177777
177777
177777
177777
177777
177777
177777
177777
177777
177777
177777
177777
177777
177777
177777
177777
177777
177777
177777
177777
177777
177777
177777
177777
177777
177777
177777
177777
177777
177777
177777
177777
177777
177777
177777
177777
177777
177777
177777
177777
177777
175777
177777
175777
175773
155733
153333
133326
111262
111222
111222
111222
111222
111222
111222
106615
155622
177777
177777
177777
177777
177777
177777
177777
177777
177777
177777
177777
177777
177777
177777
177777
177777
177777
177777
177777
177777
177777
177777
177777
177777
177777
177777
177777
177777
177777
177777
177777
177777
177777
177777
177777
177777
177777
177777
177777
177777
177777
177777
177777
177777
177777
177777
177777
177777
177777
177777
177777
155773
153333
153326
131266
111222
106622
111215
111222
111222
111222
111222
111222
155662
177777
177777
177777
177777
177777
177777
177777
177777
177777
177777
177777
177777
177777
177777
177777
177777
177777
177777
177777
177777
177777
177777
177777
177777
177777
177777
177777
177777
177777
177777
177777
177777
177777
177777
177777
177777
177777
177777
177777
177777
177777
177777
177777
177777
177777
177777
177777
177777
177777
177777
177777
155373
153326
133326
111262
111222
111222
111222
106615
066555
066555
155662
177773
177733
177777
177777
177777
177777
177777
177777
177777
177777
177777
177777
177777
177777
177777
177777
177777
177777
177777
177777
177777
177777
177777
177777
177777
177777
177777
177777
177777
177777
177777
177777
177777
177777
177777
177777
177777
177777
177777
177777
177777
177777
177777
177777
177777
177777
177777
177777
177777
177777
177777
177777
177777
155773
153326
133266
111222
111222
106622
066615
044551
044510
131155
177777
177777
177777
177777
177777
177777
177777
177777
177777
177777
177777
177777
177777
177777
177777
177777
177777
177777
177777
177777
177777
177777
177777
177777
177777
177777
177777
177777
177777
177777
177777
177777
177777
177777
177777
177777
177777
177777
177777
177777
177777
177777
177777
177777
177777
177777
177777
177777
177777
177777
177777
177777
177777
175773
155733
133266
131262
106622
106615
064555
042111
022044
133151
177777
177777
177777
177777
177777
177777
177777
177777
177777
177777
177777
177777
177777
177777
177777
177777
177777
177777
177777
177777
177777
177777
177777
177777
177777
177777
177777
177777
177777
177777
177777
177777
177777
177777
177777
177777
177777
177777
177777
177777
177777
177777
177777
177777
177777
177777
177777
177777
177777
177777
177777
177777
175777
133326
133266
131262
111222
106621
064555
044511
022104
022044
044444
177727
177777
177777
177777
177777
177777
177777
177777
177777
177777
177777
177777
177777
177777
177777
177777
177777
177777
177777
177777
177777
177777
177777
177777
177777
177777
177777
177777
177777
177777
177777
177777
177777
177777
177777
177777
177777
177777
177777
177777
177777
177777
177777
177777
177777
177777
177777
177777
177777
177777
177777
177777
177777
130732
064615
066555
064551
064551
044111
022104
022044
022044
022044
066444
177777
177777
177777
177777
177777
177777
177777
177777
177777
177777
177777
177777
177777
177777
177777
177777
177777
177777
177777
177777
177777
177777
177777
177777
177777
177777
177777
177777
177777
177777
177777
177777
177777
177777
177777
177777
177777
177777
177777
177777
177777
177777
177777
177777
177777
177777
177777
177777
177777
177777
177777
177777
177777
064261
064551
044511
064110
042110
022044
022044
022044
022044
022044
066444
177777
177777
177777
177777
177777
177777
177777
177777
177777
177777
177777
177777
177777
177777
177777
177777
177777
177777
177777
177777
177777
177777
177777
177777
177777
177777
177777
177777
177777
177777
177777
177777
177777
177777
177777
177777
177777
177777
177777
177777
177777
177777
177777
177777
177777
177777
177777
177777
177777
177777
177777
177777
177777
064615
064551
044511
044110
022104
022044
022044
022044
022044
022044
044444
177733
177777
177777
177777
177777
177777
177777
177777
177777
177777
177777
177777
177777
177777
177777
177777
177777
177777
177777
177777
177777
177777
177777
177777
177777
177777
177777
177777
177777
177777
177777
177777
177777
177777
177777
177777
177777
177777
177777
177777
177777
177777
177777
177777
177777
177777
177777
177777
177777
177777
177777
177777
155777
064615
044551
044111
044110
022104
022044
022044
022044
022044
022044
022044
153551
177777
177777
177777
177777
177777
177777
177777
177777
177777
177777
177777
177777
177777
177777
177777
177777
177777
177777
177777
177777
177777
177777
177777
177777
177777
177777
177777
177777
177777
177777
177777
177777
177777
177777
177777
177777
177777
177777
177777
177777
177777
177777
177777
177777
177777
177777
177777
177777
177777
177777
177777
153377
064615
044511
064151
042110
022044
022044
042044
042104
022044
022044
022044
042044
155616
177777
177777
177777
177777
177777
177777
177777
177777
177777
177777
177777
177777
177777
177777
177777
177777
177777
177777
177777
177777
177777
177777
177777
177777
177777
177777
177777
177777
177777
177777
177777
177777
177777
177777
177777
177777
177777
177777
177777
177777
177777
177777
177777
177777
177777
177777
177777
177777
177777
177777
155377
064215
064110
064151
022110
022044
044444
066615
042110
022044
022044
022044
022044
066444
177773
177777
177777
177777
177777
177777
177777
177777
177777
177777
177777
177777
177777
177777
177777
177777
177777
177777
177777
177777
177777
177777
177777
177777
177777
177777
177777
177777
177777
177777
177777
177777
177777
177777
177777
177777
177777
177777
177777
177777
177777
177777
177777
177777
177777
177777
177777
177777
177777
177777
175777
064215
064150
064151
022110
022044
064444
153333
042151
042104
022044
022044
022044
042044
177622
177777
177777
177777
177777
177777
177777
177777
177777
177777
177777
177777
177777
177777
177777
177777
177777
177777
177777
177777
177777
177777
177777
177777
177777
177777
177777
177777
177777
177777
177777
177777
177777
177777
177777
177777
177777
177777
177777
177777
177777
177777
177777
177777
177777
177777
177777
177777
177777
177777
177777
044262
044110
064150
022110
022044
042044
155622
064662
042110
022104
022044
022044
022044
155511
177777
177777
177777
177777
177777
177777
177777
177777
177777
177777
177777
177777
177777
177777
177777
177777
177777
177777
177777
177777
177777
177777
177777
177777
177777
177777
177777
177777
177777
177777
177777
177777
177777
177777
177777
177777
177777
177777
177777
177777
177777
177777
177777
177777
177777
177777
177777
177777
177777
177777
066733
044511
044110
042110
022044
022044
111104
133377
044155
042104
022104
022044
022044
111104
177777
177777
177777
177777
177777
177777
177777
177777
177777
177777
177777
177777
177777
177777
177777
177777
177777
177777
177777
177777
177777
177777
177777
177777
177777
177777
177777
177777
177777
177777
177777
177777
177777
177777
177777
177777
177777
177777
177777
177777
177777
177777
177777
177777
177777
177777
177777
177777
177777
177777
131377
044510
044111
042110
022044
022044
044444
177733
106726
044110
042104
022104
022044
066444
177777
177777
177777
177777
177777
177777
177777
177777
177777
177777
177777
177777
177777
177777
177777
177777
177777
177777
177777
177777
177777
177777
177777
177777
177777
177777
177777
177777
177777
177777
177777
177777
177777
177777
177777
177777
177777
177777
177777
177777
177777
177777
177777
177777
177777
177777
177777
177777
177777
177777
155777
044155
044111
044110
022104
022044
042044
177662
155777
044215
042110
022104
022044
044444
177733
177777
177777
177777
177777
177777
177777
177777
177777
177777
177777
177777
177777
177777
177777
177777
177777
177777
177777
177777
177777
177777
177777
177777
177777
177777
177777
177777
177777
177777
177777
177777
177777
177777
177777
177777
177777
177777
177777
177777
177777
177777
177777
177777
177777
177777
177777
177777
177777
177777
177777
044262
044111
044110
042110
022044
042044
177622
177777
106733
042110
042104
022044
042044
177662
177777
177777
177777
177777
177777
177777
177777
177777
177777
177777
177777
177777
177777
177777
177777
177777
177777
177777
177777
177777
177777
177777
177777
177777
177777
177777
177777
177777
177777
177777
177777
177777
177777
177777
177777
177777
177777
177777
177777
177777
177777
177777
177777
177777
177777
177777
177777
177777
177777
177777
066733
044110
064110
042150
022104
022044
177615
177777
155777
042155
042104
022104
042044
177615
177777
177777
177777
177777
177777
177777
177777
177777
177777
177777
177777
177777
177777
177777
177777
177777
177777
177777
177777
177777
177777
177777
177777
177777
177777
177777
177777
177777
177777
177777
177777
177777
177777
177777
177777
177777
177777
177777
177777
177777
177777
177777
177777
177777
177777
177777
177777
177777
177777
177777
131377
044150
044110
042150
022104
022044
177615
177777
177777
066726
042104
042104
022044
155511
177777
177777
177777
177777
177777
177777
177777
177777
177777
177777
177777
177777
177777
177777
177777
177777
177777
177777
177777
177777
177777
177777
177777
177777
177777
177777
177777
177777
177777
177777
177777
177777
177777
177777
177777
177777
177777
177777
177777
177777
177777
177777
177777
177777
177777
177777
177777
177777
177777
177777
175777
044155
044110
042110
022044
022044
177615
177777
177777
155377
042155
042104
022044
111104
177777
177777
177777
177777
177777
177777
177777
177777
177777
177777
177777
177777
177777
177777
177777
177777
177777
177777
177777
177777
177777
177777
177777
177777
177777
177777
177777
177777
177777
177777
177777
177777
177777
177777
177777
177777
177777
177777
177777
177777
177777
177777
177777
177777
177777
177777
177777
177777
177777
177777
177777
044266
044110
042104
022044
022044
177616
177777
177777
177777
042262
042104
022104
042044
177616
177777
177777
177777
177777
177777
177777
177777
177777
177777
177777
177777
177777
177777
177777
177777
177777
177777
177777
177777
177777
177777
177777
177777
177777
177777
177777
177777
177777
177777
177777
177777
177777
177777
177777
177777
177777
177777
177777
177777
177777
177777
177777
177777
177777
177777
177777
177777
177777
177777
177777
066773
042110
042104
022044
022044
177622
177777
177777
177777
022222
022104
022044
022044
133505
177777
177777
177777
177777
177777
177777
177777
177777
177777
177777
177777
177777
177777
177777
177777
177777
177777
177777
177777
177777
177777
177777
177777
177777
177777
177777
177777
177777
177777
177777
177777
177777
177777
177777
177777
177777
177777
177777
177777
177777
177777
177777
177777
177777
177777
177777
177777
177777
177777
177777
133377
042150
042104
022044
022044
177622
177777
177777
177777
000222
022044
022044
022044
133105
177777
177777
177777
177777
177777
177777
177777
177777
177777
177777
177777
177777
177777
177777
177777
177777
177777
177777
177777
177777
177777
177777
177777
177777
177777
177777
177777
177777
177777
177777
177777
177777
177777
177777
177777
177777
177777
177777
177777
177777
177777
177777
177777
177777
177777
177777
177777
177777
177777
177777
177777
044215
042104
022044
022044
177622
177777
177777
177777
020156
022044
022044
022044
111105
177777
177777
177777
177777
177777
177777
177777
177777
177777
177777
177777
177777
177777
177777
177777
177777
177777
177777
177777
177777
177777
177777
177777
177777
177777
177777
177777
177777
177777
177777
177777
177777
177777
177777
177777
177777
177777
177777
177777
177777
177777
177777
177777
177777
177777
177777
177777
177777
177777
177777
177777
044326
042104
022044
022044
177615
177777
177777
111333
022111
022044
022044
022044
066445
177733
177777
177777
177777
177777
177777
177777
177777
177777
177777
177777
177777
177777
177777
177777
177777
177777
177777
177777
177777
177777
177777
177777
177777
177777
177777
177777
177777
177777
177777
177777
177777
177777
177777
177777
177777
177777
177777
177777
177777
177777
177777
177777
177777
177777
177777
177777
177777
177777
177777
177777
044266
022044
022044
022044
111111
155733
066666
042511
042505
022045
022044
022445
044445
177622
177777
177777
177777
177777
177777
177777
177777
177777
177777
177777
177777
177777
177777
177777
177777
177777
177777
177777
177777
177777
177777
177777
177777
177777
177777
177777
177777
177777
177777
177777
177777
177777
177777
177777
177777
177777
177777
177777
177777
177777
177777
177777
177777
177777
177777
177777
177777
177777
177777
155777
022151
022044
022044
022044
022044
044511
022105
022044
022444
022044
022444
022445
044445
155555
177777
177777
177777
177777
177777
177777
177777
177777
177777
177777
177777
177777
177777
177777
177777
177777
177777
177777
177777
177777
177777
177777
177777
177777
177777
177777
177777
177777
177777
177777
177777
177777
177777
177777
177777
177777
177777
177777
177777
177777
177777
177777
177777
177777
177777
177777
177777
177777
177777
133777
022111
022044
022044
022044
022044
022044
022044
022044
022044
022044
022044
022044
042445
111111
177777
177777
177777
177777
177777
177777
177777
177777
177777
177777
177777
177777
177777
177777
177777
177777
177777
177777
177777
177777
177777
177777
177777
177777
177777
177777
177777
177777
177777
177777
177777
177777
177777
177777
177777
177777
177777
177777
177777
177777
177777
177777
177777
177777
177777
177777
177777
177777
177777
066733
022111
022044
022044
022044
022044
022044
022044
022044
022044
022044
022044
022044
022444
066505
177773
177777
177777
177777
177777
177777
177777
177777
177777
177777
177777
177777
177777
177777
177777
177777
177777
177777
177777
177777
177777
177777
177777
177777
177777
177777
177777
177777
177777
177777
177777
177777
177777
177777
177777
177777
177777
177777
177777
177777
177777
177777
177777
177777
177777
177777
177777
177777
177777
044622
022105
022044
022044
022044
042444
022045
022044
022044
022044
022044
022044
022044
022044
064444
177733
177777
177777
177777
177777
177777
177777
177777
177777
177777
177777
177777
177777
177777
177777
177777
177777
177777
177777
177777
177777
177777
177777
177777
177777
177777
177777
177777
177777
177777
177777
177777
177777
177777
177777
177777
177777
177777
177777
177777
177777
177777
177777
177777
177777
177777
177777
177777
111333
044511
022105
022444
022445
022444
044505
000105
000000
022044
022044
022044
022044
022044
022044
111111
177777
177777
177777
177777
177777
177777
177777
177777
177777
177777
177777
177777
177777
177777
177777
177777
177777
177777
177777
177777
177777
177777
177777
177777
177777
177777
177777
177777
177777
177777
177777
177777
177777
177777
177777
177777
177777
177777
177777
177777
177777
177777
177777
177777
177777
177777
177777
133333
044555
042511
022105
022444
022505
022445
044505
044511
067155
111222
111222
111222
111222
111222
111222
177667
177777
177777
177777
177777
177777
177777
177777
177777
177777
177777
177777
177777
177777
177777
177777
177777
177777
177777
177777
177777
177777
177777
177777
177777
177777
177777
177777
177777
177777
177777
177777
177777
177777
177777
177777
177777
177777
177777
177777
177777
177777
177777
177777
177777
177777
177777
131333
044555
042511
042505
042505
042445
042505
022445
042505
111111
177777
177777
177777
177777
177777
177777
177777
177777
177777
177777
177777
177777
177777
177777
177777
177777
177777
177777
177777
177777
177777
177777
177777
177777
177777
177777
177777
177777
177777
177777
177777
177777
177777
177777
177777
177777
177777
177777
177777
177777
177777
177777
177777
177777
177777
177777
177777
177777
177777
177777
177777
177777
155777
111266
044551
044511
042505
042505
042505
042505
042505
022445
042445
111111
177777
177777
177777
177777
177777
177777
177777
177777
177777
177777
177777
177777
177777
177777
177777
177777
177777
177777
177777
177777
177777
177777
177777
177777
177777
177777
177777
177777
177777
177777
177777
177777
177777
177777
177777
177777
177777
177777
177777
177777
177777
177777
177777
177777
177777
177777
177777
177777
177777
177777
177777
175777
106666
044551
044511
042505
042505
042505
042505
042505
022445
022445
022445
067045
177777
177777
177777
177777
177777
177777
177777
177777
177777
177777
177777
177777
177777
177777
177777
177777
177777
177777
177777
177777
177777
177777
177777
177777
177777
177777
177777
177777
177777
177777
177777
177777
177777
177777
177777
177777
177777
177777
177777
177777
177777
177777
177777
177777
177777
177777
177777
177777
177777
177777
177777
111333
044551
044511
042511
042505
042505
042505
042505
022505
022445
022045
022044
111045
177777
177777
177777
177777
177777
177777
177777
177777
177777
177777
177777
177777
177777
177777
177777
177777
177777
177777
177777
177777
177777
177777
177777
177777
177777
177777
177777
177777
177777
177777
177777
177777
177777
177777
177777
177777
177777
177777
177777
177777
177777
177777
177777
177777
177777
177777
177777
177777
177777
177777
177777
064662
044511
042511
042505
042505
042505
042505
022505
022045
022044
022044
044444
155622
177777
177777
177777
177777
177777
177777
177777
177777
177777
177777
177777
177777
177777
177777
177777
177777
177777
177777
177777
177777
177777
177777
177777
177777
177777
177777
177777
177777
177777
177777
177777
177777
177777
177777
177777
177777
177777
177777
177777
177777
177777
177777
177777
177777
177777
177777
177777
177777
177777
177777
177777
044616
044511
042505
042505
042505
042505
022445
022045
022044
022044
066511
155622
177777
177777
177777
177777
177777
177777
177777
177777
177777
177777
177777
177777
177777
177777
177777
177777
177777
177777
177777
177777
177777
177777
177777
177777
177777
177777
177777
177777
177777
177777
177777
177777
177777
177777
177777
177777
177777
177777
177777
177777
177777
177777
177777
177777
177777
177777
177777
177777
177777
177777
177777
177777
042616
042505
042505
042505
022445
022044
022044
022044
022044
111111
177667
177777
177777
177777
177777
177777
177777
177777
177777
177777
177777
177777
177777
177777
177777
177777
177777
177777
177777
177777
177777
177777
177777
177777
177777
177777
177777
177777
177777
177777
177777
177777
177777
177777
177777
177777
177777
177777
177777
177777
177777
177777
177777
177777
177777
177777
177777
177777
177777
177777
177777
177777
177777
177777
067333
042511
022044
022044
022044
022044
022044
044444
111155
177733
177777
177777
177777
177777
177777
177777
177777
177777
177777
177777
177777
177777
177777
177777
177777
177777
177777
177777
177777
177777
177777
177777
177777
177777
177777
177777
177777
177777
177777
177777
177777
177777
177777
177777
177777
177777
177777
177777
177777
177777
177777
177777
177777
177777
177777
177777
177777
177777
177777
177777
177777
177777
177777
177777
177777
111267
064555
044511
022505
042445
066511
133622
177777
177777
177777
177777
177777
177777
177777
177777
177777
177777
177777
177777
177777
177777
177777
177777
177777
177777
177777
177777
177777
177777
177777
177777
177777
177777
177777
177777
177777
177777
177777
177777
177777
177777
177777
177777
177777
177777
177777
177777
177777
177777
177777
177777
177777
177777
177777
177777
177777
177777
177777
177777
177777
177777
177777
177777
177777
177777
177777
133733
133266
133266
177733
177777
177777
177777
177777
177777
177777
177777
177777
177777
177777
177777
177777
177777
177777
177777
177777
177777
177777
177777
177777
177777
177777
177777
177777
177777
177777
177777
177777
177777
177777
177777
177777
177777
177777
177777
177777
177777
177777
177777
177777
177777
177777
177777
177777
177777
177777
177777
177777
177777
177777
177777
177777
177777
177777
177777
177777
177777
177777
177777
177777
177777
177777
177777
177777
177777
177777
177777
177777
177777
177777
177777
177777
177777
177777
177777
177777
177777
177777
177777
177777
177777
177777
177777
177777
177777
177777
177777
177777
177777
177777
177777
177777
177777
177777
177777
177777
177777
177777
177777
177777
177777
177777
177777
177777
177777
177777
177777
177777
177777
177777
177777
177777
177777
177777
177777
177777
177777
177777
177777
177777
177777
177777
177777
177777
177777
177777
177777
177777
177777
177777
177777
177777
177777
177777
177777
177777
177777
177777
177777
177777
177777
177777
177777
177777
177777
177777
177777
177777
177777
177777
177777
177777
177777
177777
177777
177777
177777
177777
177777